lwc.asc
ncols         118
nrows         96
xllcorner     539496
yllcorner     4190968
cellsize      1
NODATA_value  -9999
[rows 30 to 59 of 96, columns 0 to 66 of 118]
1300 1300.03 1299.96 1299.94 1299.83 1299.69 1299.51 1299.35 1299.33 1299.15 1299.05 1298.95 1298.94 1298.92 1299.02 1299.09 1299.27 1299.56 1299.47 1299.22 1298.56 1298.35 1298.27 1298.68 1298.78 1299.54 1299.54 1299.04 1298.52 1298.33 1298.24 1298.16 1298.01 1297.94 1298.21 1297.91 1297.91 1297.85 1298.08 1298.09 1298.11 1298.15 1298.03 1298.22 1298.18 1298.51 1298.59 1298.64 1298.57 1298.61 1298.74 1299.26 1298.92 1298.72 1298.58 1298.505 1298.99 1298.9 1298.51 1298.48 1298.261 1298.153 1297.97 1297.68 1297.9 1297.76 1297.88
1300.14 1300.07 1299.91 1299.7 1299.5 1299.43 1299.39 1299.29 1299.11 1299.08 1298.94 1299.03 1299.1 1299.32 1299.96 1300.08 1299.74 1299.31 1298.99 1298.79 1298.73 1299.03 1299.04 1298.97 1298.98 1299.56 1299.53 1299.69 1299.47 1299.01 1298.74 1298.71 1298.7 1298.63 1298.59 1298.34 1298.25 1298.29 1298.28 1298.34 1298.35 1298.42 1298.53 1298.6 1298.52 1298.67 1298.65 1298.51 1298.37 1298.37 1298.65 1298.47 1298.42 1298.96 1298.61 1298.69 1297.96 1298.12 1298.24 1298 1298.08 1298.16 1297.99 1298.08 1298.26 1298.35 1298.336
1300.06 1299.9 1299.66 1299.44 1299.4 1299.42 1299.26 1299.23 1299.22 1299.17 1299.33 1299.46 1299.94 1300.11 1300.15 1299.87 1299.64 1298.95 1298.8 1298.69 1298.77 1298.92 1299.13 1299.33 1299.6 1299.8 1299.58 1299.25 1299.04 1299 1299.07 1299.27 1299.19 1299.05 1298.98 1298.92 1298.8 1298.8 1298.65 1298.61 1298.56 1298.53 1298.51 1298.49 1298.44 1298.4 1298.42 1298.44 1298.35 1298.32 1298.26 1298.36 1298.16 1298.23 1298.46 1298.63 1298.45 1298.43 1298.58 1298.44 1298.65 1298.63 1298.5 1298.63 1298.83 1298.74 1298.49
1299.93 1299.62 1299.48 1299.46 1299.37 1299.33 1299.31 1299.26 1299.28 1299.79 1299.89 1300.07 1300.16 1300.21 1300.1 1299.82 1299.31 1298.75 1298.82 1298.86 1299.09 1299.22 1299.34 1299.73 1299.83 1299.77 1299.41 1299.13 1299.19 1299.26 1299.42 1299.42 1299.35 1299.15 1299.1 1299.38 1299.37 1299.27 1299.13 1299.01 1299 1299.03 1298.59 1298.61 1298.49 1298.54 1298.46 1298.54 1298.52 1298.43 1298.43 1298.48 1298.39 1298.59 1298.86 1298.7 1298.49 1298.5 1298.43 1298.39 1298.42 1298.42 1298.3 1298.24 1298.23 1298.39 1298.37
1299.6 1299.51 1299.5 1299.46 1299.91 1299.68 1299.83 1299.79 1299.92 1299.94 1300.13 1300.11 1300.21 1300.03 1299.77 1299.34 1298.97 1298.79 1298.85 1298.98 1299.16 1299.55 1299.89 1300.04 1299.65 1299.51 1299.29 1299.27 1299.35 1299.5 1299.38 1299.3 1299.24 1299.3 1299.38 1299.54 1299.58 1299.42 1299.52 1299.29 1299.28 1299.48 1299.27 1299.45 1299.38 1298.97 1299.13 1298.98 1298.78 1298.72 1298.66 1298.78 1298.85 1298.7 1299.05 1298.76 1298.57 1298.61 1298.46 1298.35 1298.32 1298.26 1298.26 1298.28 1298.26 1298.23 1298.24
1299.56 1299.62 1299.7 1299.98 1300.17 1300.03 1299.84 1299.96 1299.98 1300.07 1300.23 1300.21 1299.97 1300 1299.36 1299.14 1298.88 1298.96 1299 1299.4 1299.61 1300.07 1299.98 1299.81 1299.81 1299.69 1299.55 1299.58 1299.65 1299.5 1299.37 1299.39 1299.41 1299.52 1299.51 1299.57 1299.54 1299.54 1299.56 1299.53 1299.37 1299.33 1299.32 1299.28 1299.31 1299.25 1299.45 1299.05 1298.99 1298.85 1298.86 1298.69 1298.6 1298.52 1298.56 1298.49 1298.53 1298.37 1298.35 1298.25 1298.32 1298.29 1298.29 1298.29 1298.34 1298.37 1298.6
1299.93 1300.24 1300.29 1300.26 1300.11 1299.98 1299.95 1300.05 1300.09 1300.15 1300.18 1300.12 1299.9 1299.76 1299.19 1299.05 1299.03 1299.35 1299.33 1299.69 1299.87 1300.03 1299.93 1299.92 1299.68 1299.55 1299.59 1299.6 1299.56 1299.37 1299.43 1299.6 1299.78 1299.58 1299.56 1299.49 1299.58 1299.57 1299.58 1299.64 1299.73 1299.42 1299.27 1299.26 1299.29 1299.43 1299.72 1299.94 1299.68 1299.62 1299.64 1299.31 1298.82 1298.91 1298.96 1299.19 1298.95 1298.58 1298.62 1298.74 1298.59 1298.6 1298.67 1298.64 1298.65 1298.73 1299.06
1300.31 1300.3 1300.24 1300.3 1300.08 1300.04 1300.07 1300.09 1300.22 1300.22 1300.09 1300.09 1299.83 1299.31 1299.13 1299.07 1299.03 1299.51 1299.46 1299.94 1300.1 1300.03 1299.89 1299.68 1299.56 1299.61 1299.63 1299.6 1299.56 1299.56 1299.56 1299.7 1299.75 1299.78 1299.66 1300.23 1299.93 1300.13 1300.13 1300.29 1300.34 1299.94 1299.85 1300.2 1300.01 1299.83 1300.19 1299.91 1299.75 1299.79 1299.72 1299.49 1299.37 1299.06 1299.19 1299.36 1299.17 1298.94 1298.93 1298.8 1298.76 1298.8 1298.85 1299.02 1299.48 1299.02 1299.85
1300.29 1300.33 1300.32 1300.22 1300.03 1300.05 1300.09 1300.21 1300.23 1300.19 1299.98 1299.45 1299.21 1299.16 1299.07 1299.11 1299.27 1299.57 1299.98 1300.14 1300.09 1299.93 1299.73 1299.62 1299.64 1299.65 1299.68 1299.61 1299.58 1299.56 1299.64 1299.71 1299.72 1299.72 1300.15 1300.77 1301.15 1300.58 1300.62 1300.83 1300.96 1300.98 1301.31 1300.62 1301.56 1301.34 1300.52 1300.07 1299.99 1299.95 1299.91 1299.9 1299.84 1300.21 1300.28 1299.4 1299.31 1299.17 1299.38 1299.31 1299.06 1299.49 1299.7 1299.96 1299.74 1299.55 1300.32
1300.37 1300.38 1300.29 1300.12 1300.07 1300.16 1300.23 1300.24 1300.05 1299.62 1299.42 1299.31 1299.26 1299.19 1299.28 1299.31 1299.52 1299.94 1300.07 1300.07 1300 1299.76 1299.66 1299.64 1299.68 1299.67 1299.63 1299.65 1299.64 1299.65 1299.8 1299.83 1300.07 1300.39 1300.93 1301.58 1301.91 1301.49 1301.45 1301.54 1301.66 1301.8 1301.71 1301.76 1301.67 1302.14 1301.09 1300.85 1301.51 1300.73 1301.5 1301.4 1300.7 1300.82 1300.32 1299.69 1299.89 1300.1 1300.57 1300.71 1300.67 1300.8 1300.32 1300.06 1300.5 1300.57 1300.74
1300.4 1300.28 1300.3 1300.11 1300.14 1300.22 1300.27 1299.96 1299.66 1299.48 1299.3 1299.28 1299.28 1299.33 1299.5 1299.78 1300.08 1300.06 1300.08 1300 1299.84 1299.72 1299.68 1299.7 1299.67 1299.68 1299.73 1299.85 1299.99 1300.33 1300.4 1300.86 1300.67 1301.23 1301.71 1302.01 1302.83 1302.9 1303.82 1302.55 1302.33 1302.43 1302.41 1302.11 1302.07 1303.19 1301.96 1301.48 1302.25 1301.41 1301.47 1301.66 1301.31 1301.18 1300.96 1300.82 1301.61 1300.56 1300.91 1300.97 1301.19 1300.82 1300.95 1300.81 1300.89 1300.87 1301.35
1300.38 1300.29 1300.25 1300.17 1300.17 1300.26 1299.85 1299.74 1299.58 1299.42 1299.3 1299.28 1299.37 1299.44 1299.57 1300.05 1300.2 1300.15 1300.07 1300.04 1299.8 1299.73 1299.75 1299.73 1299.73 1299.7 1299.79 1300.26 1300.39 1300.71 1300.71 1301.3 1301.68 1302.56 1303.41 1303.08 1303.39 1303.58 1304.12 1304.75 1303.78 1303.32 1302.84 1302.92 1303.15 1303.47 1303 1302.65 1302.73 1302.47 1303.24 1303.06 1302 1302.15 1301.76 1301.43 1301.49 1301.52 1301.48 1301.89 1302.77 1301.976 1302.16 1301.76 1301.83 1302.07 1302.33
1300.38 1300.35 1300.27 1300.24 1299.87 1299.72 1299.66 1299.49 1299.32 1299.31 1299.26 1299.39 1299.53 1299.86 1300.09 1300.33 1300.19 1300.14 1300.02 1299.9 1299.79 1299.7 1299.77 1299.76 1299.86 1299.9 1300.26 1301.04 1301.14 1301.69 1301.74 1301.81 1302.49 1303.46 1303.51 1303.84 1303.92 1304.18 1304.69 1305.52 1304.57 1303.87 1304.19 1304.04 1303.92 1303.98 1303.48 1303.32 1303.26 1303.29 1303.78 1303.14 1303.27 1302.67 1302.85 1301.78 1302.93 1302.44 1302.39 1302.47 1302.55 1302.87 1302.5 1303.38 1304.63 1303.07 1303.18
1300.38 1300.39 1300.32 1300.05 1299.78 1299.72 1299.62 1299.48 1299.34 1299.32 1299.5 1299.52 1299.7 1300.15 1300.39 1300.26 1300.18 1300.06 1300.01 1299.85 1299.79 1299.75 1299.8 1299.85 1300.15 1300.35 1300.83 1301.24 1301.4 1301.96 1302.05 1302.32 1302.74 1303.54 1303.49 1303.99 1304.05 1304.8 1305.17 1305.68 1304.89 1305.05 1305.66 1305.75 1304.93 1304.42 1303.95 1303.95 1304.19 1305.03 1304.28 1303.72 1303.52 1303.29 1303.07 1302.61 1303.38 1304.25 1302.87 1303.01 1303.33 1303.15 1303.11 1303.56 1304.24 1303.9 1303.42
1300.39 1300.34 1300.08 1299.84 1299.77 1299.63 1299.49 1299.36 1299.33 1299.42 1299.65 1299.86 1300.18 1300.36 1300.4 1300.22 1300.09 1299.94 1299.88 1299.8 1299.75 1299.78 1300 1300.91 1301.01 1300.98 1301.46 1301.83 1302.19 1302.53 1303.23 1303.89 1303.82 1303.74 1304.26 1304.52 1304.92 1305.2 1305.54 1305.94 1306.03 1306.25 1306.39 1306.45 1306.03 1306.08 1305.49 1305.27 1305.12 1305.05 1305 1304.71 1304.48 1304.35 1304.1 1303.3 1304.5 1304.34 1303.74 1303.52 1304.59 1303.82 1304.16 1304.52 1304.91 1304.65 1304.88
1300.45 1300.24 1299.99 1299.79 1299.78 1299.78 1299.61 1299.43 1299.46 1299.69 1299.7 1300.25 1300.45 1300.46 1300.32 1300.23 1300.09 1300.05 1299.94 1299.84 1299.81 1299.95 1301.31 1301.59 1301.56 1301.43 1301.73 1302.4 1302.63 1302.86 1303.44 1303.86 1304.47 1304.65 1304.65 1304.92 1305.18 1305.39 1305.62 1306.05 1306.24 1306.44 1306.35 1306.05 1305.95 1306.09 1306.11 1305.81 1305.8 1305.72 1305.5 1305.28 1304.93 1305.12 1305.26 1306.01 1305.04 1304.75 1304.5 1304.49 1304.66 1304.47 1305.03 1305.09 1305.08 1305.06 1305.45
1300.2 1299.91 1299.85 1299.83 1299.86 1299.84 1299.51 1299.5 1299.7 1299.84 1300.27 1300.36 1300.38 1300.29 1300.27 1300.18 1300.08 1300.03 1299.88 1299.8 1299.82 1300.34 1302.04 1301.94 1302.45 1302.58 1302.69 1302.98 1303.44 1303.87 1304.01 1304.8 1305.33 1305.65 1305.99 1305.69 1305.77 1306.11 1306.29 1306.49 1306.37 1306.27 1306.17 1306.17 1306.14 1306.24 1306.39 1306.62 1306.71 1306.58 1306.55 1306.35 1305.92 1305.56 1305.58 1306.17 1306.36 1305.72 1305.37 1305.29 1305.47 1305.73 1305.7 1305.57 1305.94 1306.15 1306.31
1300.04 1299.86 1299.81 1299.89 1299.74 1299.57 1299.47 1299.71 1300.01 1300.29 1300.39 1300.28 1300.18 1300.12 1300.12 1300 1299.99 1299.91 1299.88 1299.91 1300.14 1300.99 1301.63 1302.21 1302.99 1303.27 1303.04 1303.61 1304.62 1304.6 1304.69 1305.33 1305.85 1306.25 1306.26 1306.61 1306.77 1306.73 1306.72 1306.41 1306.17 1306.17 1306.23 1306.32 1306.54 1306.69 1306.57 1306.7 1306.61 1306.55 1306.37 1306.33 1305.67 1305.51 1305.86 1306.48 1306.29 1306.23 1306.29 1306.2 1306.54 1306.82 1306.74 1306.94 1306.8 1306.52 1306.6
1299.98 1299.88 1299.82 1299.84 1299.63 1299.6 1299.69 1299.9 1300.24 1300.43 1300.47 1300.42 1300.38 1300.3 1300.19 1300.04 1299.91 1299.9 1299.96 1299.97 1300.8 1301.27 1301.92 1302.33 1303.33 1303.46 1303.81 1304.42 1305.39 1305.44 1305.5 1305.67 1306.48 1306.83 1306.91 1306.93 1306.91 1306.96 1306.45 1306.28 1306.09 1306.12 1306.51 1306.78 1306.67 1306.78 1306.64 1306.75 1306.63 1306.49 1306.26 1306.19 1305.83 1305.83 1305.8 1306.26 1306.37 1306.64 1306.77 1306.8 1306.76 1306.78 1306.72 1306.96 1307.3 1307.13 1306.98
1299.91 1299.88 1299.95 1299.78 1299.67 1299.63 1299.74 1300.01 1300.43 1300.48 1300.4 1300.35 1300.22 1300.11 1300.02 1299.98 1299.94 1299.97 1299.97 1300.84 1301.73 1301.71 1302.55 1302.96 1303.43 1303.61 1304.56 1305.4 1305.98 1306.55 1306.54 1306.81 1306.86 1307.08 1306.92 1306.76 1306.74 1306.56 1306.3 1306.12 1306.16 1306.22 1306.46 1306.59 1306.78 1306.8 1306.68 1306.75 1306.69 1306.77 1306.26 1306.2 1305.84 1306.01 1306.31 1306.55 1306.88 1306.91 1306.87 1306.95 1307.13 1307.09 1306.98 1306.99 1307.01 1306.91 1306.76
1299.96 1299.98 1299.83 1299.68 1299.72 1299.77 1300.38 1300.48 1300.61 1300.54 1300.47 1300.38 1300.25 1300.16 1300.08 1299.98 1300.01 1300.27 1300.89 1301.29 1301.92 1302.45 1302.76 1303.07 1303.71 1304.21 1304.99 1305.75 1306.51 1307.08 1307.14 1307.47 1307.29 1307 1306.8 1306.68 1306.51 1306.32 1306.26 1306.22 1306.23 1306.42 1307.22 1306.91 1307 1306.96 1306.83 1306.66 1306.74 1307.03 1306.31 1306.17 1306.12 1306.62 1306.75 1306.91 1307.09 1307.37 1307.44 1307.58 1307.69 1307.64 1307.52 1307.56 1307.14 1307.19 1307.02
1300.04 1299.85 1299.76 1299.75 1299.71 1300.21 1300.45 1300.52 1300.6 1300.53 1300.37 1300.07 1300.02 1300.04 1299.95 1300.07 1300.43 1301.36 1301.39 1301.97 1302.31 1303.11 1303.23 1303.89 1304.2 1304.54 1305.18 1306.25 1306.8 1307.11 1307.33 1307.19 1307.18 1306.95 1306.81 1306.62 1306.34 1306.25 1306.15 1306.25 1306.29 1306.61 1306.9 1306.95 1307.15 1306.78 1306.84 1306.69 1306.69 1306.86 1306.21 1306.27 1306.43 1306.64 1306.72 1307.01 1307.31 1307.73 1307.77 1307.93 1308.16 1308.05 1307.92 1307.78 1307.47 1307.33 1307.21
1299.88 1299.79 1299.8 1299.98 1300.18 1300.49 1300.5 1300.52 1300.45 1300.39 1300.16 1300.09 1300.09 1300.15 1300.08 1300.51 1301.33 1301.72 1302.14 1302.39 1302.8 1303.46 1303.82 1304.08 1304.67 1305.13 1305.71 1306.58 1306.96 1307.2 1307.14 1307.18 1307.29 1306.8 1306.76 1306.55 1306.39 1306.2 1306.32 1306.43 1306.49 1306.66 1306.98 1307.04 1306.99 1306.96 1306.84 1306.68 1306.7 1306.56 1306.33 1306.32 1306.4 1306.71 1307.01 1307.3 1307.53 1308.03 1308.33 1308.55 1308.75 1308.73 1308.4 1308.08 1307.83 1307.68 1307.51
1299.9 1299.78 1299.79 1300.14 1300.45 1300.55 1300.53 1300.42 1300.28 1300.13 1300.14 1300.1 1300.13 1300.6 1301.16 1301.44 1301.79 1302.07 1302.61 1303.07 1303.47 1304.04 1304.52 1304.89 1305.24 1305.81 1306.27 1306.52 1306.87 1307.03 1307.22 1307.3 1306.93 1306.69 1306.68 1306.56 1306.57 1306.46 1307.01 1306.78 1307.07 1307.01 1306.97 1306.94 1307.05 1306.93 1306.89 1307.03 1306.98 1306.59 1306.34 1306.42 1306.56 1306.74 1307.26 1307.97 1308.17 1308.45 1308.81 1309.14 1309.57 1309.61 1309.06 1308.93 1308.19 1307.82 1307.89
1299.87 1299.97 1300.3 1300.45 1300.53 1300.54 1300.57 1300.42 1300.29 1300.17 1300.23 1300.29 1300.72 1301.09 1301.27 1301.78 1302.06 1302.31 1302.57 1303.26 1303.6 1304.02 1304.56 1305.18 1305.38 1305.97 1306.31 1306.63 1306.98 1307.15 1307.3 1307.09 1306.86 1306.68 1306.53 1306.4 1306.94 1306.73 1306.95 1306.74 1306.92 1306.98 1307.06 1307.3 1307.18 1307.02 1306.99 1307.05 1306.95 1306.75 1306.61 1306.56 1306.84 1307.11 1307.65 1308.29 1308.61 1309.1 1309.44 1309.48 1309.66 1309.47 1309.33 1309.31 1308.78 1308.19 1308.05
1299.95 1300.27 1300.46 1300.52 1300.54 1300.63 1300.52 1300.32 1300.2 1300.2 1300.31 1300.65 1301.1 1301.51 1301.79 1302.24 1302.85 1302.88 1303.24 1303.65 1304.03 1304.48 1304.79 1305.33 1305.66 1305.99 1306.41 1307.03 1307.17 1307.16 1307.07 1306.94 1306.77 1306.56 1306.43 1306.42 1306.68 1306.87 1306.72 1306.77 1306.87 1307.05 1307.06 1307.24 1307.13 1307.13 1307.1 1307.14 1306.97 1306.99 1306.83 1306.8 1307.02 1307.4 1307.92 1308.33 1309.08 1309.36 1309.52 1309.66 1309.79 1309.76 1309.65 1309.54 1309.49 1308.93 1308.28
1300.11 1300.29 1300.53 1300.57 1300.48 1300.39 1300.3 1300.27 1300.32 1300.48 1300.53 1300.92 1301.26 1301.51 1302.19 1302.82 1303.3 1303.36 1303.62 1303.94 1304.44 1304.82 1305.39 1305.65 1305.93 1306.17 1307 1307.1 1307.19 1307.17 1307.07 1306.95 1306.78 1306.49 1306.47 1306.5 1306.81 1306.9 1306.88 1307.04 1307.2 1307.11 1307.05 1307.14 1307.16 1307.15 1307.17 1307.36 1307.11 1306.87 1306.98 1307.22 1307.36 1307.74 1308.01 1308.88 1308.99 1309.36 1310.19 1309.92 1309.94 1309.95 1310 1309.96 1309.93 1309.69 1309.6
1300.16 1300.39 1300.59 1300.64 1300.49 1300.5 1300.42 1300.5 1300.61 1300.65 1301.06 1301.46 1301.77 1302.2 1302.71 1303.15 1303.73 1303.79 1303.89 1304.12 1304.76 1305.07 1305.34 1305.64 1306.11 1306.37 1306.62 1306.94 1307.15 1307.07 1306.98 1306.92 1307.07 1306.59 1306.73 1306.85 1306.88 1306.91 1307.21 1307.2 1307.2 1307.18 1307.14 1307.23 1307.22 1307.53 1307.71 1307.46 1307.08 1306.88 1306.84 1307.15 1307.6 1308.08 1308.49 1309.05 1309.01 1309.57 1309.84 1309.99 1310.06 1310.1 1310.18 1310.14 1310.01 1309.87 1309.76
1300.27 1300.54 1300.7 1300.64 1300.54 1300.5 1300.49 1300.65 1300.86 1301.15 1301.53 1301.95 1302.45 1302.87 1303.17 1303.48 1304.24 1304.61 1304.99 1305.15 1305.44 1305.66 1305.84 1306.18 1306.61 1306.76 1306.85 1307.06 1307.22 1307.08 1306.95 1306.87 1306.84 1306.69 1306.74 1306.93 1306.89 1307 1307.81 1307.44 1307.3 1307.14 1307.2 1307.25 1307.32 1307.3 1307.49 1307.24 1307 1306.88 1306.89 1307.15 1307.36 1307.86 1308.29 1308.63 1309.26 1309.61 1309.88 1310 1310.06 1310.23 1310.35 1310.29 1310.2 1310.04 1309.83
1300.36 1300.6 1300.68 1300.61 1300.49 1300.54 1300.7 1300.88 1301.1 1301.6 1302.12 1302.49 1302.59 1302.94 1303.7 1304.29 1304.5 1304.87 1305.43 1305.79 1305.83 1306.18 1306.41 1306.85 1306.98 1307.12 1307.16 1307.05 1307.05 1307.17 1306.98 1306.84 1306.77 1306.68 1306.71 1306.96 1307.12 1307.19 1307.37 1307.31 1307.28 1307.2 1307.21 1307.25 1307.31 1307.25 1307.28 1307.13 1307.09 1306.95 1306.98 1307.47 1307.71 1307.78 1308.27 1308.73 1308.99 1309.33 1309.73 1310.06 1310.24 1310.38 1310.38 1310.42 1310.32 1310.23 1310.1
