lwc.asc
ncols         118
nrows         96
xllcorner     539496
yllcorner     4190968
cellsize      1
NODATA_value  -9999
[rows 60 to 89 of 96, columns 0 to 66 of 118]
1300.69 1300.79 1300.65 1300.5 1300.51 1300.98 1301.1 1301.3 1301.59 1302.72 1302.96 1302.84 1303.23 1303.53 1304.04 1304.53 1305.1 1305.47 1305.72 1305.99 1306.27 1306.36 1306.61 1306.99 1307.14 1307.27 1307.14 1307.04 1307 1307.04 1307.41 1306.71 1306.73 1306.72 1306.88 1307.13 1307.23 1307.22 1307.5 1307.27 1307.23 1307.15 1307.2 1307.16 1307.22 1307.19 1307.27 1307.21 1307.04 1307.03 1307.19 1307.33 1307.73 1307.97 1308.15 1308.75 1308.98 1309.43 1309.99 1310.09 1310.15 1310.25 1310.4 1310.48 1310.46 1310.34 1310.1
1300.63 1300.78 1300.63 1300.52 1300.68 1301.17 1301.09 1301.46 1301.78 1302.61 1302.95 1303.03 1303.64 1303.89 1304.12 1304.55 1305.39 1306 1306.2 1306.47 1306.71 1306.86 1307.02 1307.19 1307.29 1307.32 1307.42 1307.11 1306.87 1306.88 1307.09 1306.79 1306.74 1306.85 1307.1 1307.56 1307.51 1307.43 1307.5 1307.33 1307.21 1307.19 1307.22 1307.18 1307.15 1307.23 1307.44 1307.18 1307.26 1307.18 1307.33 1307.46 1307.49 1307.81 1307.98 1308.46 1308.89 1309.75 1309.86 1309.98 1310.16 1310.31 1310.41 1310.55 1310.51 1310.29 1310.13
1300.74 1300.67 1300.59 1300.61 1300.99 1301.15 1301.24 1301.55 1302.03 1302.37 1302.7 1303.11 1303.48 1304.1 1304.52 1304.78 1305.55 1305.98 1306.42 1306.74 1306.92 1306.99 1307.14 1307.28 1307.48 1307.24 1307.28 1307.65 1307.09 1306.88 1306.72 1306.73 1306.86 1306.99 1307.13 1307.46 1307.63 1307.58 1307.53 1307.35 1307.29 1307.28 1307.25 1307.14 1307.19 1307.14 1307.17 1307.26 1307.33 1307.23 1307.29 1307.54 1307.63 1307.79 1307.98 1308.28 1308.77 1309.2 1309.69 1309.86 1310.11 1310.24 1310.35 1310.69 1310.75 1310.5 1310.36
1300.82 1300.75 1300.66 1300.72 1300.81 1301.15 1301.63 1301.97 1302.31 1302.6 1302.82 1303.35 1304.08 1304.36 1304.64 1305.18 1305.76 1306.05 1306.37 1306.74 1307 1307.1 1307.15 1307.36 1307.53 1307.23 1307.21 1307.02 1307 1306.78 1306.91 1306.94 1306.92 1307.18 1307.22 1307.46 1307.51 1307.48 1307.46 1307.37 1307.32 1307.36 1307.17 1307.14 1307.2 1307.23 1307.24 1307.18 1307.21 1307.41 1307.37 1307.51 1307.65 1307.87 1308.15 1308.37 1308.8 1309.07 1309.43 1309.72 1310.05 1310.14 1310.31 1310.4 1310.45 1310.44 1310.59
1300.79 1300.82 1300.83 1300.97 1301.04 1301.3 1301.55 1302.39 1302.79 1303.25 1303.35 1304.23 1304.35 1304.49 1304.71 1305.78 1305.97 1306.15 1306.39 1306.88 1307.13 1307.1 1307.28 1307.37 1307.48 1307.23 1307.26 1306.88 1306.85 1306.78 1307.38 1307.3 1307.22 1307.31 1307.42 1307.44 1307.53 1307.49 1307.44 1307.4 1307.35 1307.34 1307.21 1307.17 1307.16 1307.1 1307.11 1307.14 1307.14 1307.49 1307.44 1307.5 1307.65 1307.89 1308.19 1308.4 1308.77 1309.25 1309.35 1309.68 1309.92 1309.99 1310.12 1310.3 1310.37 1310.43 1310.41
1300.86 1300.92 1300.95 1300.99 1301.22 1301.69 1302.8 1302.7 1302.96 1303.55 1304.32 1304.56 1304.7 1305 1305.42 1305.74 1305.93 1306.25 1306.61 1306.91 1307.05 1307.15 1307.25 1307.31 1307.38 1307.22 1307.06 1306.89 1306.84 1306.89 1307.02 1307.26 1307.28 1307.37 1307.43 1307.53 1307.8 1308.28 1307.52 1307.39 1307.45 1307.32 1307.17 1307.2 1307.1 1307.13 1307.13 1307.1 1307.19 1307.3 1307.45 1307.5 1307.76 1307.85 1308.21 1308.48 1308.64 1309.09 1309.25 1309.51 1309.75 1309.89 1310.05 1310.19 1310.39 1310.47 1310.5
1300.92 1301.02 1301.11 1301.55 1301.7 1302 1302.83 1303.08 1303.5 1303.93 1304.41 1304.77 1304.98 1305.49 1305.71 1305.98 1306.14 1306.37 1306.56 1306.77 1306.94 1307.14 1307.34 1307.66 1307.33 1307.33 1307.36 1307.47 1307.06 1307.17 1307.31 1307.4 1307.46 1307.53 1307.5 1307.5 1307.49 1307.82 1307.49 1307.52 1307.5 1307.54 1307.321 1307.31 1307.25 1307.12 1307.13 1307.15 1307.26 1307.37 1307.44 1307.59 1307.71 1307.85 1308.15 1308.45 1308.64 1309.04 1309.21 1309.43 1309.62 1309.86 1310.14 1310.27 1310.47 1310.67 1310.58
1301.08 1301.1 1301.44 1301.89 1301.9 1302.37 1302.84 1303.23 1303.57 1304.25 1304.57 1304.82 1305.09 1305.47 1305.85 1306.08 1306.41 1306.68 1306.7 1306.88 1306.98 1307.25 1307.36 1307.37 1307.36 1307.3 1307.27 1307.31 1307.16 1307.28 1307.34 1307.39 1307.51 1307.54 1307.42 1307.45 1307.48 1307.46 1307.4 1307.42 1307.39 1307.47 1307.28 1307.28 1307.24 1307.3 1307.1 1307.13 1307.23 1307.4 1307.38 1307.53 1307.7 1307.89 1308.13 1308.38 1308.86 1309.34 1309.24 1309.43 1309.63 1310.27 1310.36 1310.51 1310.6 1310.76 1310.95
1301.19 1301.33 1301.62 1301.94 1302.25 1302.78 1303.02 1303.72 1304.06 1304.38 1304.53 1305.01 1305.27 1305.67 1305.99 1306.72 1307.67 1307.38 1307.18 1307.17 1307.16 1307.24 1307.52 1307.42 1307.36 1307.35 1307.3 1307.3 1307.41 1307.44 1307.51 1307.66 1307.5 1307.78 1307.59 1307.47 1307.49 1307.44 1307.46 1307.39 1307.44 1307.39 1307.32 1307.25 1307.25 1307.23 1307.22 1307.31 1307.34 1307.39 1307.4 1307.55 1307.71 1308.12 1308.2 1308.55 1309.12 1309.39 1309.26 1309.53 1310.25 1310.46 1310.45 1310.62 1310.74 1310.81 1310.96
1301.31 1301.74 1301.94 1302.33 1302.62 1303.18 1303.6 1303.83 1304.11 1304.79 1305.06 1305.37 1305.67 1306.28 1306.63 1306.73 1307.58 1307.52 1307.43 1307.4 1307.31 1307.27 1307.34 1307.37 1307.34 1307.28 1307.31 1307.32 1307.42 1307.46 1307.5 1307.57 1307.51 1307.63 1307.7 1307.56 1307.53 1307.54 1307.42 1307.39 1307.33 1307.57 1307.3 1307.25 1307.2 1307.17 1307.23 1307.24 1307.39 1307.37 1307.55 1307.59 1307.79 1307.98 1308.23 1308.4 1309.23 1309.12 1309.29 1309.49 1310.16 1310.3 1310.42 1310.63 1310.73 1310.93 1311.05
1301.41 1301.85 1302.24 1302.6 1302.85 1303.42 1303.7 1304.21 1304.61 1305.15 1305.42 1305.74 1305.96 1306.67 1307.02 1307.04 1307.39 1307.44 1307.4 1307.36 1307.36 1307.35 1307.3 1307.28 1307.25 1307.23 1307.26 1307.4 1307.4 1307.42 1307.49 1307.48 1307.5 1307.51 1307.74 1307.62 1307.61 1307.51 1307.48 1307.37 1307.33 1307.33 1307.32 1307.23 1307.33 1307.27 1307.28 1307.37 1307.44 1307.48 1307.55 1307.68 1307.82 1308.06 1308.24 1308.49 1308.71 1309 1309.3 1309.63 1309.86 1310.33 1310.59 1310.73 1310.78 1310.97 1311.18
1301.87 1302.13 1302.48 1302.72 1303.22 1303.65 1304.24 1304.66 1304.96 1305.4 1306.11 1306.35 1306.53 1307.14 1307.25 1307.31 1307.37 1307.38 1307.42 1307.44 1307.31 1307.29 1307.18 1307.2 1307.25 1307.28 1307.37 1307.44 1307.5 1307.47 1307.49 1307.48 1307.49 1307.58 1307.58 1307.71 1307.82 1307.59 1307.54 1307.46 1307.35 1307.27 1307.31 1307.31 1307.35 1307.31 1307.35 1307.4 1307.58 1307.57 1307.64 1307.73 1307.77 1307.97 1308.52 1308.53 1308.7 1309.26 1309.46 1309.74 1309.94 1310.3 1310.5 1310.6 1310.77 1310.94 1311.14
1302.17 1302.31 1303.27 1303.16 1303.82 1304.41 1304.75 1305.13 1305.51 1305.9 1306.47 1306.71 1306.96 1307.19 1307.43 1307.38 1307.32 1307.36 1307.28 1307.32 1307.14 1307.07 1307.11 1307.1 1307.31 1307.5 1307.46 1307.57 1307.51 1307.52 1307.49 1307.43 1307.47 1307.66 1307.97 1307.89 1307.78 1307.67 1307.65 1307.55 1307.525 1307.44 1307.43 1307.39 1307.47 1307.36 1307.41 1307.51 1307.56 1307.59 1307.66 1307.74 1307.81 1307.92 1308.35 1308.49 1308.77 1309.19 1309.68 1309.82 1309.98 1310.16 1310.54 1310.63 1310.78 1310.97 1311.18
1302.34 1303.46 1303.57 1303.67 1304.44 1304.9 1305.11 1305.33 1305.95 1306.59 1306.64 1306.76 1307.3 1307.47 1307.55 1307.42 1307.28 1307.31 1307.3 1307.27 1307.35 1307.02 1307.05 1307.21 1307.45 1307.42 1307.62 1307.56 1307.61 1307.49 1307.51 1307.55 1307.82 1307.69 1307.73 1307.725 1307.81 1307.66 1307.68 1307.78 1307.83 1307.52 1307.41 1307.47 1307.49 1307.5 1307.47 1307.57 1307.63 1307.63 1307.68 1307.75 1307.9 1308.08 1308.57 1308.4 1308.76 1309.26 1309.43 1309.83 1310.01 1310.31 1310.44 1310.67 1310.83 1311.01 1311.15
1303.18 1303.66 1304.06 1304.4 1304.73 1304.98 1305.38 1305.8 1306.58 1306.9 1307.17 1307.11 1307.47 1307.52 1307.61 1307.36 1307.36 1307.34 1307.32 1307.32 1307.23 1307.06 1307.08 1307.22 1307.29 1307.38 1307.66 1307.66 1307.5 1307.46 1307.51 1307.44 1307.52 1307.51 1307.53 1307.57 1307.52 1307.54 1307.63 1307.69 1307.53 1307.51 1307.45 1307.59 1307.51 1307.58 1307.64 1307.64 1307.85 1307.73 1307.71 1307.72 1307.78 1308.21 1308.41 1308.52 1308.96 1309.35 1309.5 1309.77 1310.06 1310.36 1310.58 1310.69 1310.78 1310.94 1311.2
1303.69 1303.84 1304.15 1304.8 1305.22 1305.57 1306.49 1306.78 1307.31 1307.77 1307.49 1307.44 1307.43 1307.37 1307.32 1307.2 1307.31 1307.92 1307.62 1307.13 1307.09 1307.11 1307.3 1307.46 1307.34 1307.43 1308.21 1307.64 1307.55 1307.62 1307.74 1307.72 1307.47 1307.55 1307.5 1307.53 1307.55 1307.54 1307.56 1307.62 1307.65 1307.51 1307.43 1307.51 1307.58 1307.57 1307.65 1307.71 1307.71 1307.77 1307.76 1307.74 1307.88 1307.93 1308.22 1308.5 1308.81 1309.37 1309.52 1309.71 1310.12 1310.33 1310.49 1310.7 1310.98 1311.01 1311.13
1303.62 1304 1304.58 1304.86 1305.56 1306.15 1306.55 1307.28 1307.64 1307.56 1307.45 1307.42 1307.33 1307.22 1307.13 1307.12 1307.05 1307.06 1307.07 1307.05 1307.12 1307.15 1307.33 1307.4 1307.44 1307.52 1307.68 1307.46 1307.51 1307.52 1308.25 1308.19 1307.55 1307.45 1307.49 1307.56 1307.64 1307.6 1307.49 1307.49 1307.42 1307.52 1307.52 1307.57 1307.58 1307.65 1307.6 1307.76 1307.79 1307.82 1307.8 1307.85 1307.86 1308 1308.25 1308.43 1308.58 1309.14 1309.32 1309.66 1309.97 1310.33 1310.45 1310.56 1310.69 1310.99 1311.21
1303.85 1304.4 1305.12 1305.64 1306.18 1306.76 1307.14 1307.48 1307.47 1307.43 1307.32 1307.65 1307.14 1306.98 1307.02 1307.18 1307.07 1307.01 1307.03 1307.11 1307.23 1307.32 1307.41 1307.49 1307.56 1307.54 1307.56 1307.46 1307.49 1307.5 1308.35 1307.9 1307.47 1307.5 1307.5 1307.68 1307.73 1307.7 1307.57 1307.49 1307.35 1307.56 1307.53 1307.61 1307.62 1307.64 1307.69 1307.92 1307.87 1307.86 1307.91 1307.91 1307.94 1308.1 1308.42 1308.53 1308.52 1308.64 1308.95 1309.3 1309.99 1310.39 1310.38 1310.47 1310.66 1310.78 1311.28
1304.35 1304.83 1305.34 1306.45 1307.3 1307.51 1307.5 1307.47 1307.45 1307.28 1307.28 1307.2 1307.06 1306.95 1306.93 1306.94 1306.96 1306.99 1307 1307.11 1307.21 1307.36 1307.45 1307.57 1307.61 1307.54 1307.58 1307.65 1307.47 1307.49 1307.54 1307.64 1307.59 1307.51 1307.54 1307.6 1307.6 1307.66 1307.66 1307.4 1307.42 1307.47 1307.57 1307.64 1307.61 1307.68 1307.78 1307.77 1307.86 1307.88 1307.92 1307.96 1308.01 1308.11 1308.21 1308.81 1308.45 1308.53 1308.65 1309.02 1309.82 1310.17 1310.33 1310.34 1310.6 1310.8 1311.07
1304.73 1305.67 1306.14 1307.26 1307.44 1307.6 1307.53 1307.44 1307.32 1307.28 1307.15 1307.04 1306.95 1306.94 1306.93 1306.9 1306.9 1306.97 1307.09 1307.18 1307.29 1307.45 1307.55 1307.64 1307.64 1307.59 1307.64 1307.82 1307.6 1307.53 1307.59 1307.57 1307.58 1307.64 1307.55 1307.62 1307.93 1308.18 1307.46 1307.49 1307.65 1307.56 1307.52 1307.62 1307.59 1307.71 1307.76 1307.83 1307.88 1307.9 1307.91 1307.96 1307.99 1308.02 1308.13 1308.19 1308.22 1308.48 1308.69 1308.93 1309.33 1309.81 1310.02 1310.27 1310.49 1310.77 1311.08
1304.98 1305.92 1306.75 1307.38 1307.43 1307.57 1307.42 1307.39 1307.34 1307.4 1307.09 1306.94 1307.01 1307.06 1306.98 1306.95 1307.06 1307.12 1307.17 1307.27 1307.38 1307.5 1307.61 1307.62 1307.65 1307.63 1307.84 1307.86 1307.63 1307.71 1307.68 1307.65 1307.59 1307.55 1307.63 1307.64 1307.69 1307.53 1307.55 1307.38 1307.58 1307.52 1307.58 1307.68 1307.65 1307.88 1307.75 1308.04 1307.91 1307.95 1308.02 1307.97 1308.01 1308.04 1308.11 1308.14 1308.14 1308.35 1308.56 1308.54 1309.07 1309.33 1309.65 1309.96 1310.5 1310.59 1310.77
1305.4 1306.02 1306.79 1307.44 1307.56 1307.57 1307.46 1307.41 1307.33 1307.27 1307.01 1306.96 1307.01 1307.05 1307.02 1307.11 1307.2 1307.24 1307.32 1307.39 1307.54 1307.65 1307.65 1307.7 1307.81 1307.82 1307.8 1307.74 1307.67 1307.7 1307.69 1307.63 1307.63 1307.58 1307.58 1307.56 1307.59 1307.49 1307.44 1307.44 1307.56 1307.52 1307.53 1307.59 1307.58 1307.78 1307.83 1307.84 1307.88 1307.98 1307.99 1308.03 1308.06 1308.09 1308.27 1308.31 1308.47 1308.36 1308.5 1308.55 1308.63 1308.94 1309.33 1309.66 1309.99 1310.48 1310.66
1305.77 1306.38 1306.97 1307.45 1307.56 1307.46 1307.44 1307.33 1307.27 1307.18 1307.02 1307 1306.98 1307.27 1307.18 1307.22 1307.26 1307.39 1307.41 1307.56 1307.65 1307.66 1307.69 1307.77 1307.78 1307.98 1308.32 1307.84 1307.78 1307.74 1307.84 1307.71 1307.64 1307.66 1307.53 1307.49 1307.51 1307.56 1307.48 1307.5 1307.5 1307.45 1307.48 1307.55 1307.64 1307.88 1307.92 1307.92 1307.96 1307.99 1308.02 1308.06 1308.19 1308.25 1308.16 1308.39 1308.47 1308.47 1308.53 1308.58 1308.54 1308.61 1309.22 1309.5 1309.83 1310.25 1310.52
1306.01 1306.63 1307.22 1307.52 1307.46 1307.41 1307.24 1307.26 1307.15 1307.07 1307.06 1307.05 1307.14 1307.22 1307.36 1307.21 1307.36 1307.38 1307.49 1307.62 1307.69 1307.7 1307.75 1307.77 1307.8 1307.86 1307.95 1307.89 1307.92 1307.75 1307.72 1307.69 1307.76 1307.71 1307.67 1307.56 1307.51 1307.57 1307.5 1307.53 1307.5 1307.61 1307.59 1307.67 1307.75 1307.98 1307.91 1308.09 1308.17 1308.18 1308.18 1308.17 1308.45 1308.41 1308.19 1308.3 1308.39 1308.44 1308.52 1308.75 1308.55 1308.66 1309.14 1309.34 1309.71 1309.91 1310.13
1306.49 1307.56 1307.5 1307.56 1307.41 1307.39 1307.21 1307.24 1307.33 1307.07 1307.05 1307.08 1307.14 1307.19 1307.21 1307.35 1307.49 1307.55 1307.66 1307.75 1307.82 1307.82 1307.8 1307.78 1307.88 1307.78 1307.95 1307.87 1308.02 1307.8 1307.75 1308.05 1307.74 1307.7 1307.64 1307.61 1307.54 1307.53 1307.57 1307.6 1307.71 1308.44 1307.85 1307.83 1307.85 1307.9 1308.35 1308.66 1308.83 1308.95 1308.63 1308.52 1308.45 1308.47 1308.42 1308.39 1308.56 1308.99 1308.84 1308.79 1308.66 1308.58 1308.7 1309.19 1309.63 1309.75 1309.96
1306.85 1307.48 1307.56 1307.66 1307.38 1307.39 1307.27 1307.28 1307.54 1307.39 1307.16 1307.17 1307.26 1307.32 1307.51 1307.54 1307.61 1307.69 1307.84 1307.86 1307.93 1307.98 1307.9 1307.89 1307.98 1308.02 1308.06 1308.01 1308.07 1307.85 1307.85 1307.85 1307.85 1307.72 1307.68 1307.66 1307.65 1307.68 1307.61 1307.64 1307.81 1308.36 1308 1308.55 1308.59 1308.04 1308.5 1309.25 1309.34 1309.42 1309.42 1309.67 1308.92 1308.95 1308.89 1308.54 1308.67 1309.86 1308.75 1308.54 1308.6 1308.61 1308.63 1309.07 1309.32 1309.37 1309.73
1307.41 1307.73 1307.63 1307.52 1307.48 1307.4 1307.36 1307.58 1307.52 1307.39 1307.33 1307.47 1307.52 1307.7 1307.8 1307.78 1307.93 1307.98 1308.02 1308.13 1308.13 1308.03 1308.18 1308.03 1308.05 1308.16 1308.07 1308.23 1308.03 1307.9 1307.83 1307.86 1307.86 1307.86 1307.73 1307.67 1307.7 1307.72 1307.71 1307.67 1307.74 1307.9 1307.85 1307.94 1308.16 1308.5 1309.16 1309.74 1309.72 1310.09 1310.46 1310.33 1309.96 1309.26 1308.94 1308.62 1308.838 1308.83 1308.89 1308.62 1308.62 1308.67 1308.68 1308.81 1309.23 1309.65 1309.85
1307.61 1307.77 1307.67 1307.59 1307.52 1307.52 1307.48 1307.49 1307.45 1307.46 1307.58 1307.69 1307.78 1307.94 1307.97 1307.91 1307.96 1308.06 1308.12 1308.22 1308.2 1308.17 1308.24 1308.45 1308.23 1308.23 1308.21 1308.24 1308.57 1308.09 1307.95 1307.91 1307.91 1307.86 1307.75 1307.73 1307.67 1307.76 1307.74 1307.74 1307.76 1307.83 1307.86 1307.93 1308.14 1308.79 1309.34 1309.83 1310.24 1310.67 1310.79 1310.66 1310.44 1310.04 1309.34 1308.85 1308.7 1308.63 1308.66 1308.68 1308.61 1308.68 1308.65 1308.84 1309.41 1309.84 1310.06
1307.97 1307.83 1307.77 1307.64 1307.55 1307.51 1307.7 1307.52 1307.56 1307.58 1307.68 1307.8 1307.91 1308.05 1307.98 1308.01 1308.05 1308.08 1308.18 1308.32 1308.36 1308.42 1308.4 1308.32 1308.3 1308.26 1308.24 1308.29 1308.21 1308.13 1308.03 1307.95 1307.94 1307.95 1308.23 1307.92 1307.78 1307.76 1307.78 1307.79 1307.91 1307.95 1308 1308.16 1308.25 1308.97 1310.01 1310.05 1310.4 1310.67 1310.96 1310.87 1310.73 1310.53 1309.96 1309.32 1308.8 1308.64 1308.64 1308.65 1308.65 1308.71 1308.7 1308.92 1309.56 1309.89 1310.37
1307.87 1307.82 1307.77 1307.7 1307.67 1307.61 1307.67 1307.71 1307.69 1307.71 1307.76 1307.87 1307.94 1308.02 1308.12 1308.15 1308.34 1308.27 1308.27 1308.32 1308.39 1308.4 1308.52 1308.52 1308.37 1308.31 1308.27 1308.32 1308.25 1308.27 1308.09 1308.01 1307.96 1308 1308.08 1308.34 1307.95 1307.87 1307.81 1307.83 1308.37 1308.41 1308.05 1308.05 1308.3 1308.8 1310.13 1310.23 1310.72 1311.13 1311.33 1311.38 1311.34 1310.97 1310.64 1310.28 1309.74 1309.2 1308.74 1308.7 1308.64 1308.74 1308.72 1309.06 1309.61 1310.17 1310.54
