lwc.asc
ncols         118
nrows         96
xllcorner     539496
yllcorner     4190968
cellsize      1
NODATA_value  -9999
[rows 0 to 29 of 96, columns 0 to 66 of 118]
1336.73 1337.34 1337.6 1337.81 1337.91 1338.35 1338.64 1338.96 1339.37 1339.63 1339.9 1339.98 1339.98 1340.12 1340.2 1340.26 1340.3 1340.32 1340.25 1340.23 1340.41 1340.38 1340.35 1340.45 1340.45 1340.32 1340.26 1340.27 1340.12 1340.1 1339.99 1340.43 1340.45 1340.25 1340.25 1340.34 1340.13 1339.91 1339.7 1339.52 1339.01 1338.82 1338.53 1338.4 1338.09 1337.93 1337.74 1337.57 1337.1 1336.99 1336.92 1336.94 1336.97 1336.94 1336.99 1336.98 1336.94 1336.92 1336.98 1336.87 1337.04 1336.91 1336.84 1336.84 1336.7 1336.47 1336.25
1335.29 1335.68 1335.92 1336.51 1336.74 1336.92 1337.28 1337.44 1337.6 1337.8 1338.13 1338.47 1338.56 1338.65 1338.92 1339 1338.94 1338.93 1340 1339.97 1340.07 1340.04 1339.92 1339.92 1339.88 1339.8 1339.78 1339.69 1339.44 1339.37 1339.24 1339.14 1339.14 1339.01 1338.95 1338.98 1338.89 1338.65 1338.21 1337.99 1338.18 1337.63 1337.82 1337.66 1337.48 1337.32 1336.94 1336.88 1336.61 1336.48 1336.43 1336.44 1336.29 1335.98 1335.79 1336 1336.03 1336.11 1336.14 1336.2 1336.24 1336.16 1336.04 1335.74 1335.28 1334.54 1334.25
1333.51 1334.28 1335 1335.44 1335.64 1335.99 1336.23 1336.35 1336.42 1336.68 1337.05 1337.26 1337.43 1337.63 1337.48 1337.43 1337.6 1337.75 1337.81 1337.84 1337.85 1337.96 1338.04 1338.09 1338.13 1338.21 1338.43 1338.26 1338.18 1338.01 1337.97 1337.95 1337.75 1337.68 1337.6 1337.55 1337.51 1337.2 1337.11 1336.98 1336.81 1336.56 1336.46 1336.29 1336.06 1335.86 1335.77 1335.66 1335.54 1335.45 1335.29 1335.23 1334.83 1334.68 1334.61 1334.53 1334.43 1334.3 1334.55 1334.58 1334.71 1334.5 1334.25 1334.07 1333.69 1333.26 1332.47
1332.14 1332.47 1332.85 1333.36 1333.72 1333.99 1334.39 1334.61 1335.04 1335.54 1335.64 1335.91 1335.85 1335.9 1335.88 1335.91 1335.88 1335.96 1336.54 1336.75 1336.67 1336.9 1337.01 1337.04 1337.14 1337.34 1337.27 1337.23 1337.23 1336.97 1336.9 1336.88 1336.69 1336.51 1336.39 1336.28 1336.12 1336.03 1335.87 1335.65 1335.5 1335.48 1335.28 1335.14 1334.9 1334.73 1334.38 1334.29 1334.13 1333.69 1333.43 1333.56 1333.5 1333.22 1332.85 1332.82 1332.73 1332.94 1332.94 1332.77 1332.82 1332.55 1332.24 1331.93 1331.53 1331.14 1330.41
1330.33 1330.69 1331.27 1331.78 1332.25 1332.69 1332.8 1333.11 1333.37 1333.67 1334.09 1334.26 1334.37 1334.61 1334.62 1334.61 1334.65 1334.63 1334.83 1334.93 1335.07 1335.21 1335.38 1335.87 1336 1335.98 1335.93 1335.8 1335.76 1336.07 1335.95 1335.9 1335.79 1335.53 1335.09 1335.08 1334.93 1334.7 1334.55 1334.58 1334.33 1334.27 1334.08 1333.91 1333.71 1333.56 1333.2 1332.9 1332.58 1332.11 1331.92 1331.66 1331.55 1331.6 1331.4 1331.14 1331.01 1330.9 1330.85 1330.77 1330.63 1330.56 1330.38 1329.89 1330.37 1330.21 1329.55
1328.19 1328.68 1329.01 1329.47 1329.9 1330.39 1330.72 1331.01 1331.28 1331.59 1332.09 1332.25 1332.34 1332.44 1332.62 1332.7 1332.68 1332.61 1333.02 1333.64 1333.92 1334.05 1334.17 1334.2 1334.38 1334.44 1335.08 1335.04 1334.77 1334.67 1334.48 1334.28 1334.25 1333.8 1333.44 1333.27 1333.23 1333.5 1332.8 1333.09 1333.15 1333.11 1333 1332.59 1332.52 1332.37 1332.19 1331.83 1331.47 1330.75 1330.47 1330.33 1330.1 1329.79 1329.54 1329.62 1329.52 1329.49 1329.33 1329.17 1329.03 1328.89 1328.74 1328.45 1328.37 1326.85 1325.3
1326.36 1326.86 1327.25 1327.88 1328.45 1328.92 1329.26 1329.76 1329.86 1329.95 1330.27 1330.54 1330.74 1330.95 1331.08 1331.26 1331.61 1331.81 1331.95 1332.59 1332.88 1333.03 1333.16 1333.27 1333.29 1333.25 1333.05 1332.87 1332.63 1333.29 1333.02 1332.85 1332.65 1332.28 1332.08 1331.76 1331.6 1331.46 1331.19 1331.07 1330.88 1330.75 1330.58 1330.27 1330 1329.72 1329.39 1329.08 1328.61 1327.94 1328.07 1328.14 1328.25 1327.76 1327.92 1326.09 1324.88 1324.75 1325.15 1325.28 1325.27 1325.03 1324.8 1324.43 1323.81 1323.06 1322.74
1324.31 1324.73 1325.63 1326.06 1326.5 1326.89 1327.4 1327.7 1327.79 1328 1328.39 1328.48 1328.64 1328.82 1328.99 1329.4 1329.7 1330.02 1330.33 1330.7 1331.18 1331.49 1331.6 1331.72 1331.72 1331.52 1331.37 1331.55 1331.35 1331.17 1330.87 1330.67 1330.19 1329.98 1329.18 1328.66 1324.83 1325.09 1325.49 1325.45 1324.98 1327.86 1328.05 1324.55 1327.91 1327.46 1325.33 1324.95 1324.68 1324.42 1324.44 1325.15 1324.83 1324.3 1323.73 1323.17 1322.9 1323.6 1323.42 1323.34 1323.12 1322.66 1322.29 1322.1 1321.5 1319.92 1319.52
1320.72 1320.71 1320.89 1321.11 1321.64 1321.95 1322.1 1321.63 1321.57 1321.56 1321.58 1321.66 1321.93 1322.01 1321.95 1321.95 1322.21 1322.52 1328.52 1328.55 1329.96 1330.16 1330.3 1330.44 1330.64 1330.42 1330.06 1329.82 1329.53 1329.29 1329.19 1328.61 1327.91 1324.61 1324.11 1323.7 1323.56 1323.58 1323.23 1319.24 1319.18 1319.08 1323.12 1322.37 1322.08 1321.62 1321.55 1322.08 1321.97 1321.6 1321.08 1321.32 1321.5 1321.19 1320.99 1320.93 1320.41 1320.2 1319.88 1320.61 1320.43 1320.04 1319.57 1319.39 1319.12 1318.82 1318.44
1318.84 1318.93 1319.02 1318.68 1318.7 1318.89 1319.02 1319.24 1319.44 1319.34 1319.32 1319.52 1319.62 1319.55 1319.59 1319.58 1320.01 1320.06 1321.25 1321.54 1322.47 1322.84 1323.5 1325.31 1327.82 1328.35 1328.12 1328.13 1328.1 1327.96 1328.43 1327.04 1324.38 1321.89 1321.14 1320.46 1319.83 1319.22 1318.23 1317.84 1317.49 1317.46 1317.63 1317.74 1317.75 1317.83 1317.8 1317.79 1318.22 1318.46 1318.74 1318.64 1318.67 1318.38 1318.61 1319.34 1319.19 1318.76 1317.72 1317.69 1317.48 1317.18 1317.12 1316.9 1315.77 1316.95 1316.64
1316.74 1316.59 1316.7 1317.48 1317.49 1317.66 1317.85 1318 1317.97 1317.9 1317.75 1317.77 1317.89 1317.79 1317.76 1317.43 1317.79 1318.36 1320.16 1320.44 1320.84 1321.62 1322.28 1323.16 1324.55 1324.82 1324.83 1324.24 1323.97 1323.99 1323.71 1322.46 1320.88 1319.82 1319.07 1317.42 1316.56 1315.58 1315.17 1314.99 1314.75 1314.33 1314.13 1316.04 1316.12 1316.15 1316.18 1315.97 1315.85 1315.78 1316.01 1316.31 1316.26 1316 1315.74 1315.54 1315.07 1314.75 1314.45 1312.77 1313.31 1313.12 1310.53 1310.54 1311.91 1310.34 1298.55
1315.47 1315.58 1315.59 1315.49 1315.73 1315.89 1316.16 1316.04 1316.46 1316.49 1316.46 1316.42 1316.52 1316.61 1316.6 1316.4 1316.6 1316.83 1317.15 1317.3 1317.84 1318.12 1318.22 1318.65 1319.12 1319.46 1319.4 1319.73 1319.51 1319.1 1318.53 1318 1317.44 1316.63 1314.69 1313.34 1312.73 1311.81 1311.31 1311.05 1310.77 1311.47 1311.37 1310.99 1309.11 1309.25 1309.96 1309.22 1308.92 1309.01 1310.42 1299.09 1304.99 1299.19 1299.1 1298.62 1298.57 1298.49 1298.66 1299.55 1299.52 1299.28 1298.53 1298.01 1298.02 1298.03 1297.97
1314.2 1314.41 1314.58 1314.6 1314.87 1314.95 1315.05 1315.02 1314.94 1315.02 1315.01 1315.08 1315.07 1315.16 1315.3 1315.29 1315.46 1315.5 1315.53 1315.7 1315.68 1315.94 1316.03 1316.06 1315.96 1316.03 1315.84 1315.72 1315.39 1314.38 1314.02 1309.99 1311.87 1311.18 1309.67 1308.87 1308.5 1307.93 1307.37 1307.04 1306.19 1305.78 1303.17 1299.21 1299.15 1298.98 1298.95 1298.95 1299.31 1300.72 1299.46 1298.97 1298.86 1299.12 1299.07 1298.63 1298.76 1298.38 1298.35 1298.44 1298.5 1298.51 1298.27 1298.08 1297.93 1297.77 1297.91
1310.56 1310.69 1311.15 1312.06 1312.27 1312.47 1312.59 1312.54 1312.81 1312.78 1312.68 1312.78 1312.45 1312.65 1312.49 1312.59 1313.11 1313.04 1312.88 1312.78 1312.65 1312.37 1311.23 1311.33 1311.19 1310.9 1310.13 1309.65 1308.73 1308.17 1307.66 1307.04 1305.51 1303.34 1302.7 1301.42 1299.02 1299.02 1299.38 1299.08 1299.02 1298.99 1299.26 1299.12 1298.87 1298.79 1298.79 1298.78 1298.75 1298.63 1298.51 1298.51 1298.49 1298.49 1298.5 1298.37 1298.43 1298.21 1298.24 1298.23 1298.15 1298.12 1297.91 1297.88 1297.84 1297.78 1297.8
1309.14 1309.57 1309.86 1309.99 1310.28 1310.43 1310.53 1310.52 1310.45 1310.54 1310.5 1310.53 1310.35 1310.11 1309.76 1309.59 1309.5 1309.29 1309 1308.73 1307.94 1307.57 1306.93 1306.45 1305.6 1305 1302.63 1302.1 1301.47 1301.07 1300.54 1299.56 1299.39 1299.17 1299.17 1299.12 1298.9 1298.99 1298.92 1298.99 1298.96 1298.95 1298.97 1298.83 1298.72 1298.76 1298.93 1298.83 1298.91 1298.83 1298.59 1298.57 1298.56 1298.39 1298.33 1298.35 1298.32 1298.23 1298.34 1298.05 1298.02 1297.94 1297.91 1297.82 1297.9 1297.82 1297.9
1304.84 1304.66 1305.45 1305.97 1306.33 1308.09 1308.29 1308.38 1308.33 1308.17 1308.78 1308.61 1308.3 1308 1307.71 1307.6 1307.55 1307.31 1306.91 1305.51 1304.58 1303.64 1301.79 1301.06 1299.81 1299.81 1299.44 1299.34 1299.35 1299.19 1299 1299.03 1299.07 1299.07 1299.08 1298.71 1298.75 1298.87 1298.86 1298.88 1298.87 1298.82 1298.83 1298.8 1298.81 1299.41 1299.1 1299.72 1298.81 1298.92 1298.68 1298.66 1298.74 1298.66 1298.44 1298.58 1298.58 1298.408 1298.348 1298.48 1298.12 1298.03 1298.06 1298.79 1298.67 1298.28 1298.07
1303.05 1303.8 1303.11 1303.79 1304.24 1304.77 1304.97 1305.44 1306.51 1306.12 1305.96 1305.71 1305.43 1305.38 1305.18 1304.81 1304.56 1304.02 1302.92 1302.03 1299.56 1299.23 1299.17 1299.1 1299.18 1299.25 1298.93 1298.84 1298.82 1298.96 1298.97 1298.93 1298.95 1299.12 1299.18 1298.99 1299.14 1299.06 1298.95 1298.89 1298.84 1298.91 1298.92 1298.82 1299.02 1299.48 1299.55 1299.77 1298.96 1298.75 1298.83 1298.76 1298.75 1298.73 1298.54 1298.66 1298.57 1298.586 1298.56 1298.64 1298.26 1298.37 1298.23 1298.11 1298.07 1298 1297.81
1299.25 1299.88 1300.07 1300.51 1300.87 1302.13 1302.7 1303.12 1303.85 1303.9 1303.87 1303.85 1303.71 1303.59 1303.28 1302.98 1302.59 1300.52 1299.42 1299.18 1299.16 1299.16 1299.04 1299.02 1298.92 1298.88 1298.87 1298.77 1298.78 1298.71 1298.69 1298.74 1298.77 1298.77 1298.81 1299.26 1299.173 1299.29 1299.14 1299.09 1299.16 1299.16 1298.87 1298.87 1298.98 1298.97 1299.02 1298.95 1299.11 1299.4 1299.03 1298.72 1298.59 1298.52 1299 1298.52 1298.6 1298.57 1298.61 1298.5 1298.34 1298.24 1298.32 1298.13 1298.14 1297.83 1297.85
1299.08 1299 1298.88 1298.87 1298.94 1299.31 1299.49 1299.48 1299.41 1299.42 1299.58 1299.45 1299.62 1299.54 1299.18 1299.1 1299.12 1299.1 1298.99 1298.98 1299 1298.96 1298.99 1298.97 1298.92 1298.9 1298.86 1298.84 1298.82 1298.75 1298.75 1298.7 1298.7 1298.74 1298.67 1299.03 1299.006 1299.26 1298.99 1298.89 1299.01 1299.07 1298.94 1298.87 1298.99 1298.85 1298.92 1298.95 1298.7 1298.81 1298.67 1298.6 1298.72 1298.7 1298.64 1298.5 1298.44 1298.41 1298.35 1298.31 1298.33 1298.05 1298.09 1297.95 1297.95 1297.9 1297.98
1299.82 1299.3 1298.88 1298.89 1298.9 1298.96 1299.83 1299.44 1299.38 1299.38 1299.32 1299.39 1299.46 1299.41 1299.34 1299.19 1299.28 1299.09 1299.19 1299.1 1298.96 1299.04 1299.38 1299.25 1299.11 1299.13 1299.2 1299.22 1299.07 1299.19 1298.84 1298.69 1298.61 1298.55 1298.58 1298.7 1298.73 1298.77 1298.73 1298.7 1298.83 1298.88 1298.96 1299.12 1299.17 1298.98 1298.98 1299 1298.71 1298.6 1298.56 1298.61 1298.52 1298.7 1298.56 1298.61 1298.75 1298.86 1298.32 1298.19 1298.12 1298.13 1298.19 1298.09 1297.94 1297.96 1298.11
1299.97 1299.73 1299.5 1299.53 1298.99 1298.87 1299.02 1299.14 1299.28 1299.29 1299.3 1299.36 1299.29 1299.53 1299.43 1299.58 1299.3 1299.64 1299.77 1299.5 1299.42 1299.42 1299.66 1299.35 1299.44 1299.7 1299.59 1299.37 1299.48 1299.58 1299.63 1299.22 1298.75 1298.56 1298.51 1298.74 1298.64 1298.56 1298.71 1298.67 1298.73 1298.82 1298.82 1298.95 1299.01 1298.83 1298.85 1298.79 1298.78 1298.7 1298.83 1298.81 1298.67 1298.56 1298.51 1298.39 1298.23 1298.57 1298.24 1298.35 1298.47 1298.32 1298.35 1298.04 1298 1298.1 1298.16
1299.18 1299.53 1298.83 1298.67 1298.68 1298.68 1298.57 1298.57 1298.66 1298.92 1298.98 1298.93 1298.98 1299.31 1299.99 1299.52 1299.6 1299.78 1299.91 1299.81 1299.74 1299.73 1299.74 1299.92 1299.89 1300.16 1300.13 1299.66 1300.4 1300.26 1299.37 1299.28 1299.03 1299.02 1298.8 1298.54 1298.68 1298.59 1298.87 1298.79 1298.78 1298.75 1298.7 1298.74 1298.74 1298.77 1298.87 1299.02 1298.77 1298.69 1298.51 1298.57 1298.49 1298.57 1298.54 1298.62 1298.45 1298.45 1298.32 1298.63 1298.92 1298.36 1298.13 1298.03 1298.1 1298.52 1298.08
1298.75 1298.68 1298.6 1298.55 1298.53 1298.51 1298.48 1298.36 1298.41 1298.38 1298.73 1298.83 1298.87 1298.9 1299.12 1299.16 1299.17 1299.05 1299.01 1298.99 1299.07 1299.15 1299.2 1299.96 1299.47 1299.29 1299.33 1299.3 1299.69 1300 1299.85 1299.62 1299.71 1299.8 1299.95 1300.03 1298.87 1298.5 1298.63 1298.98 1298.88 1298.9 1298.82 1298.89 1298.83 1298.92 1298.9 1299 1298.89 1298.7 1298.46 1298.55 1298.41 1298.33 1298.57 1298.7 1298.53 1298.66 1298.37 1298.21 1298.07 1298.28 1298.18 1298.16 1298.1 1297.92 1297.8
1298.71 1298.69 1298.62 1298.63 1298.61 1298.59 1298.6 1298.44 1298.32 1298.22 1298.16 1298.19 1298.48 1298.64 1298.73 1298.88 1299.11 1299.08 1299 1299.07 1299.01 1299.06 1299.21 1299.13 1299.379 1299.09 1299.02 1298.99 1298.94 1298.94 1299.06 1299.08 1299.38 1299.51 1300.55 1300.94 1299.72 1298.32 1298.27 1298.93 1298.98 1299.06 1299.13 1299.06 1298.77 1298.82 1298.77 1298.56 1298.6 1298.24 1298.43 1298.63 1298.12 1298.04 1297.74 1298.34 1297.83 1297.88 1297.83 1297.56 1297.54 1297.569 1297.59 1297.93 1297.535 1297.78 1297.91
1298.9 1298.81 1298.87 1298.96 1298.78 1298.85 1298.71 1298.71 1298.55 1298.33 1298.3 1298.11 1298.21 1298.49 1298.66 1298.73 1298.68 1298.75 1298.82 1299.09 1299.13 1299.08 1298.96 1299.22 1299.53 1299.34 1299.06 1298.99 1298.87 1298.91 1298.89 1298.64 1298.65 1298.75 1299 1300.62 1300.13 1298.89 1298.11 1298.31 1298.83 1298.53 1298.4 1298.61 1298.57 1298.54 1298.29 1298.34 1298.37 1298.22 1297.77 1297.64 1297.5 1297.37 1297.42 1297.43 1297.46 1297.33 1297.34 1297.29 1297.21 1296.92 1296.76 1296.66 1296.72 1297.01 1296.93
1299.4 1299.6 1299.79 1300.02 1299.539 1299.76 1300.03 1300.54 1299.12 1298.79 1298.71 1298.56 1298.1 1298 1297.97 1298.08 1298.04 1298.07 1297.85 1298.32 1298.62 1298.8 1298.82 1298.69 1299.08 1299.72 1299.47 1299.18 1299.12 1298.93 1298.88 1298.83 1298.71 1298.63 1298.46 1298.44 1298.55 1298.31 1298.13 1297.75 1297.72 1297.8 1298.46 1297.846 1297.43 1297.34 1297.39 1297 1296.89 1297.02 1296.97 1296.88 1296.79 1296.99 1296.83 1296.86 1296.84 1296.76 1296.69 1296.71 1296.63 1296.61 1296.58 1296.47 1296.4 1296.33 1296.45
1299.69 1299.75 1299.86 1299.99 1299.96 1299.99 1299.97 1300.07 1299.96 1299.61 1299.96 1299.34 1298.33 1298.19 1297.93 1297.87 1297.81 1297.86 1297.76 1297.88 1297.92 1297.8 1297.8 1297.65 1297.69 1298.99 1298.85 1298.89 1298.64 1298.34 1298.21 1298.03 1297.96 1298.15 1297.99 1298.44 1298.79 1297.96 1298.04 1297.43 1297.23 1297.22 1297.13 1297.05 1297.12 1296.97 1296.94 1296.94 1296.89 1296.86 1296.78 1296.78 1296.73 1296.89 1296.95 1296.91 1296.79 1296.63 1296.68 1296.59 1296.62 1296.54 1296.54 1296.41 1296.42 1296.3 1296.27
1299.72 1299.86 1299.87 1300 1299.88 1299.91 1299.99 1299.93 1299.9 1299.83 1299.81 1299.71 1298.95 1298.4 1298.15 1298.1 1298.34 1298.34 1298.28 1298.3 1298.11 1297.79 1297.84 1297.82 1297.68 1297.72 1297.7 1297.97 1298.16 1297.96 1297.82 1297.6 1297.63 1297.71 1297.85 1297.54 1297.61 1297.41 1297.46 1297.21 1297.08 1297.05 1297.07 1297.02 1297.01 1296.88 1296.92 1296.86 1296.82 1296.91 1296.93 1296.9 1296.93 1296.9 1297.85 1297.01 1296.9 1296.86 1297 1296.97 1296.69 1296.66 1296.65 1297.33 1297.62 1297.47 1296.59
1300.16 1299.85 1299.95 1299.93 1299.92 1299.93 1299.98 1299.95 1299.87 1299.89 1299.8 1299.38 1299 1298.69 1298.76 1298.7 1298.65 1298.65 1298.59 1298.63 1298.36 1298.32 1297.97 1297.77 1297.78 1297.89 1297.81 1297.64 1297.6 1297.52 1297.53 1297.46 1297.52 1297.51 1297.42 1297.28 1297.29 1297.26 1297.16 1297.22 1297.19 1297.29 1297.24 1297.18 1297.21 1297.24 1297.53 1297.71 1297.96 1297.88 1298.16 1298.18 1298.38 1298.4 1298.14 1298.09 1298.19 1298.4 1298.38 1298.58 1298.26 1298.13 1298.08 1298.01 1297.98 1297.76 1297.39
1299.86 1299.86 1300.06 1299.97 1300.02 1299.95 1300.06 1300.12 1299.74 1299.4 1299.19 1299.02 1298.87 1298.87 1298.9 1298.82 1298.75 1298.92 1299.31 1299.17 1299.1 1298.31 1298.49 1298.12 1298.07 1298.07 1298.05 1298.16 1298.06 1297.81 1297.71 1297.76 1297.75 1297.61 1297.6 1297.44 1297.26 1297.23 1297.36 1297.74 1297.73 1297.73 1297.73 1297.74 1297.77 1297.81 1297.93 1297.96 1298.17 1298.18 1298.5 1298.5 1298.57 1298.42 1298.44 1298.32 1298.45 1298.47 1298.71 1298.45 1298.44 1298.22 1298.21 1297.75 1297.64 1297.63 1297.61
