lwc_30cms_1m_n.asc
ncols         118
nrows         96
xllcorner     539496
yllcorner     4190968
cellsize      1
NODATA_value  -9999
[rows 34 to 50 of 96, columns 0 to 36 of 118]
1.147467666125132901e-01 1.158983288809277284e-01 1.150986364187571026e-01 1.101575620194734789e-01 1.042494297741243803e-01 1.058281750509148245e-01 5.963419163606168555e-02 5.866847402312056620e-02 5.623997700474699796e-02 9.248771562566843185e-02 7.581517767108378325e-02 5.603627421094394684e-02 5.905997247937665173e-02 7.341665335179128893e-02 9.766436585919917313e-02 1.124487096357493776e-01 1.189544256194388222e-01 1.208698966926077673e-01 6.911639015340512171e-02 6.655561754925957973e-02 6.122380861547957465e-02 5.070925343207581537e-02 8.058272148493036968e-02 6.525728639025929478e-02 8.002071133490429311e-02 4.965167807323953020e-02 5.298856180638617658e-02 9.725219636419471514e-02 5.261975795510771131e-02 9.538721484283628482e-02 9.320058113260958066e-02 9.480476099340330587e-02 9.297840681148177022e-02 8.908125039665222566e-02 7.997132736308715240e-02 6.493060230028921409e-02 5.592918201964687530e-02
1.121552601073997624e-01 1.113231357613847228e-01 1.075505813691480239e-01 9.988646338593273888e-02 8.851718567755668954e-02 4.981985194838910169e-02 5.448663662805823538e-02 5.481470634894235888e-02 9.513146861658880460e-02 8.628701076581132834e-02 7.302306421182630514e-02 6.654291878107609914e-02 7.675198375241035209e-02 9.476246573752965252e-02 1.081405345294150500e-01 1.202138919855804955e-01 1.195739240433691120e-01 5.466410412862798829e-02 6.499390313837474786e-02 1.066364709769096059e-01 5.226493456627701734e-02 4.481227209803397005e-02 4.000000000000000083e-02 7.458574431719026954e-02 8.628701076581132834e-02 9.299702297279557883e-02 9.368204054247643298e-02 5.243309001329447133e-02 9.006865199505710573e-02 9.358312939420500298e-02 9.820310281223544602e-02 9.213047415413069818e-02 8.508805617681372557e-02 7.459975550423464385e-02 6.953395211562476974e-02 6.892354620700706647e-02 6.774695363049619556e-02
1.092036073797943013e-01 1.025126670093333553e-01 9.563148894535937472e-02 5.130309813365230287e-02 8.646199627106944396e-02 5.517146834123908689e-02 5.547535222414019113e-02 5.431657082800736558e-02 9.099435314072561176e-02 8.443582625560326627e-02 7.851586704005371342e-02 8.418518049492694499e-02 9.562339658310485546e-02 1.048554551604475998e-01 1.151306500650136205e-01 1.216886937893205262e-01 1.222922945202953304e-01 1.164427315255490841e-01 6.128809617011845429e-02 5.666399448194205796e-02 8.827895106323296881e-02 4.112165612561033412e-02 4.000000000000000083e-02 4.875726447578627998e-02 5.456627654410346057e-02 5.586224484992427519e-02 9.927183137821617154e-02 7.984804112543089638e-02 5.463658292591750537e-02 9.835836576594260416e-02 9.801801349346737913e-02 9.029647216277592037e-02 7.444490342301118835e-02 7.152388388516103812e-02 6.822806759592435488e-02 6.640330948454448157e-02 6.624193778423585754e-02
1.057598136678825212e-01 1.001515311185549595e-01 5.423507506246977306e-02 5.348229879109924617e-02 5.411167143345396030e-02 5.646884221688971278e-02 4.166368393076383403e-02 5.386526115501488049e-02 5.081143915123219335e-02 4.715636710295904171e-02 9.459233403659612904e-02 1.009016160509019211e-01 1.110527675737072451e-01 1.154830469940219123e-01 1.208397771016318373e-01 1.244387306981531716e-01 9.246686469963109889e-02 5.595672466292515856e-02 6.092771815053026757e-02 5.296812262227595935e-02 4.586589756469239970e-02 4.000000000000000083e-02 4.783220736201800050e-02 5.386526115501488049e-02 7.298466562073625818e-02 5.560857578604725543e-02 5.746050039653839703e-02 4.516555943543145574e-02 5.538569769878409071e-02 9.705782426836938315e-02 9.544449223557824324e-02 8.920769720080302945e-02 7.737106834356792529e-02 7.139190046332130613e-02 6.602195129146590236e-02 5.896956933166986464e-02 5.567926739994429053e-02
1.063577637053095271e-01 1.002284525497129375e-01 9.611087982495312987e-02 5.414838225031295971e-02 5.678743924724775904e-02 5.813490941280601010e-02 5.656131476058118973e-02 5.373277222686049376e-02 5.349690944823112110e-02 5.788495101595851622e-02 6.748631349734128537e-02 1.163366883208051955e-01 1.210498307117665595e-01 1.224220730795537865e-01 1.227028619541348647e-01 1.212950768785989591e-01 6.819524297637800936e-02 5.741155752180205490e-02 5.691312861019470065e-02 4.779636834676653095e-02 4.858549526583657435e-02 5.015464703974154698e-02 5.532415097438202894e-02 5.732006216146608851e-02 5.806080875849997658e-02 5.735790972503517632e-02 5.647255568434962625e-02 5.643164021825694543e-02 6.240333497326422396e-02 5.415296236309622563e-02 9.306203321779868420e-02 8.750163853885725707e-02 8.088085943354494933e-02 7.160318085191075266e-02 6.245843923417563476e-02 4.000000000000000083e-02 4.000000000000000083e-02
5.985550884301440999e-02 5.844858790121486986e-02 5.479745545289632647e-02 5.559645268784695060e-02 5.797646939177925063e-02 5.795365747142659785e-02 5.511648477523090062e-02 5.325572960490424640e-02 5.935959992201176455e-02 6.426588357012893993e-02 6.665161454832353727e-02 6.862926445717745794e-02 7.005599024564401756e-02 6.997360316106629452e-02 6.811548807594208776e-02 6.533508677943636322e-02 6.291270376333786551e-02 5.726132355916911665e-02 4.880358978960182975e-02 4.569623700838983116e-02 8.678046924115871696e-02 5.497300437018055874e-02 5.739220857663357434e-02 4.774641302032445883e-02 5.737507196575219320e-02 5.697012740340801074e-02 5.566848472159331013e-02 5.310532867237276883e-02 8.961537329536846397e-02 8.689840482855730464e-02 8.146115852808220870e-02 7.883785387844267911e-02 6.989160191011607737e-02 6.522991679755787975e-02 4.000000000000000083e-02 4.000000000000000083e-02 4.000000000000000083e-02
5.104831682466494380e-02 5.914351548707126593e-02 5.752959720392366444e-02 5.657236081488289242e-02 5.818618053284976832e-02 5.727863090050641648e-02 9.514807241745591726e-02 5.877536990563826669e-02 6.360728026699000170e-02 6.736811458429074750e-02 6.956207729584637511e-02 7.008754900687277911e-02 6.969887741618802091e-02 6.872557503058918105e-02 6.615949596411638267e-02 9.785954666418364423e-02 5.594426649039490468e-02 5.143426485648243396e-02 4.667895436988077351e-02 4.973612041436379499e-02 5.413004240260062272e-02 5.779270339821465652e-02 5.706567111891456406e-02 5.667129325146917640e-02 5.640926002150461332e-02 5.642045566832444570e-02 5.248676311205584255e-02 8.514744039983411505e-02 7.439387291542466640e-02 5.993639268433460093e-02 4.000000000000000083e-02 4.000000000000000083e-02 4.000000000000000083e-02 4.000000000000000083e-02 4.000000000000000083e-02 4.000000000000000083e-02 4.000000000000000083e-02
5.960588200831756778e-02 5.992746084195266221e-02 5.879359765765894419e-02 5.628536851710829597e-02 5.914940774283208164e-02 5.972433366913065117e-02 6.020024679650571447e-02 6.460757790292712133e-02 6.738500902719518626e-02 6.910015611904785082e-02 7.044976740777926516e-02 7.003069195845061656e-02 6.910150968377681835e-02 6.605138032861700148e-02 6.303115018181711104e-02 5.555623237562536121e-02 4.866394813916639223e-02 4.540037588301425175e-02 4.762209544712558279e-02 5.213840290274023709e-02 5.638309355465319361e-02 5.848604298476797053e-02 5.680548018379233399e-02 5.457508963958846576e-02 5.371847969239668813e-02 9.369100661828111409e-02 8.530431617090049323e-02 6.664175042609939148e-02 5.486918448917089963e-02 4.000000000000000083e-02 4.000000000000000083e-02 4.000000000000000083e-02 4.000000000000000083e-02 4.000000000000000083e-02 4.000000000000000083e-02 4.000000000000000083e-02 4.000000000000000083e-02
5.922866739529317193e-02 5.872662390699045359e-02 5.748090903498086213e-02 5.534059692124031898e-02 6.222562177990039606e-02 6.520185480498888464e-02 4.155071856624038135e-02 6.865585221285129547e-02 7.009385224094867584e-02 7.098628499999332098e-02 7.032510372156423883e-02 6.848847319688818047e-02 6.685274365696616816e-02 4.351959301658602647e-02 5.452652928586351061e-02 7.123841345294255889e-02 4.176181174668211482e-02 4.531261038252404338e-02 5.139865783898332069e-02 5.536931866231258048e-02 5.822129883773490694e-02 5.981658561584729528e-02 5.717090113286175945e-02 5.307499140917110170e-02 8.597300427220189167e-02 7.945664381241393515e-02 6.424553573405056284e-02 4.985143707747775876e-02 4.000000000000000083e-02 4.000000000000000083e-02 4.000000000000000083e-02 4.000000000000000083e-02 4.000000000000000083e-02 4.000000000000000083e-02 4.000000000000000083e-02 4.000000000000000083e-02 4.000000000000000083e-02
5.885415361551223773e-02 5.772968493715729954e-02 5.598311403233086764e-02 5.812527086284760558e-02 6.473951248106714351e-02 6.747374038860375067e-02 6.842606380032828506e-02 6.963911126389070450e-02 7.089489227520649750e-02 7.090917408436561709e-02 6.896549226125353593e-02 6.580656139369947533e-02 6.344028808091892180e-02 5.482332162757466015e-02 4.318736595961814029e-02 4.000000000000000083e-02 4.615138923872814936e-02 5.214393629670313612e-02 5.557233796947706750e-02 5.752500386869491278e-02 6.026212189159648597e-02 5.810596975391210672e-02 5.486629679402796333e-02 4.681365669156587611e-02 4.000000000000000083e-02 6.148885685982681537e-02 4.970534396215757489e-02 4.000000000000000083e-02 4.000000000000000083e-02 4.000000000000000083e-02 4.000000000000000083e-02 4.000000000000000083e-02 4.000000000000000083e-02 4.000000000000000083e-02 4.000000000000000083e-02 4.000000000000000083e-02 4.000000000000000083e-02
5.855749844897896461e-02 5.624755498493735212e-02 5.863467613162778869e-02 6.267682057518217387e-02 6.690693102765100930e-02 6.811403365788307185e-02 6.964562001801836988e-02 7.031766309245586488e-02 7.096260316244634714e-02 6.984974703330716628e-02 4.774979595146142120e-02 4.693105322033015725e-02 5.453979446983072549e-02 4.768976674671979166e-02 4.000000000000000083e-02 4.000000000000000083e-02 4.732854676630185442e-02 5.428495068814911256e-02 5.718834565019475374e-02 5.868074006566753598e-02 4.026307515232077638e-02 1.015590366922760890e-01 4.912931743796421918e-02 6.755514785569546876e-02 4.000000000000000083e-02 4.000000000000000083e-02 4.000000000000000083e-02 4.000000000000000083e-02 4.000000000000000083e-02 4.000000000000000083e-02 4.000000000000000083e-02 4.000000000000000083e-02 4.000000000000000083e-02 4.000000000000000083e-02 4.000000000000000083e-02 4.000000000000000083e-02 4.000000000000000083e-02
5.840787567047939915e-02 5.901313715007344696e-02 6.242067067697673610e-02 6.588752899886586578e-02 6.684795186076800122e-02 6.755128360325338144e-02 5.284867201682829502e-02 7.035853793358450015e-02 4.435171364575291042e-02 6.736042828388773274e-02 6.338621658488650945e-02 5.733039661879871240e-02 4.928454886207646324e-02 4.295867140993279987e-02 4.000000000000000083e-02 4.552554837670266114e-02 5.167433982349775579e-02 5.577171524052608464e-02 5.888130246926820410e-02 6.106159657289128573e-02 6.142054913481871659e-02 5.608733434768602838e-02 4.000000000000000083e-02 4.000000000000000083e-02 4.000000000000000083e-02 4.000000000000000083e-02 4.000000000000000083e-02 4.000000000000000083e-02 4.000000000000000083e-02 4.000000000000000083e-02 4.000000000000000083e-02 4.000000000000000083e-02 4.000000000000000083e-02 4.000000000000000083e-02 4.000000000000000083e-02 4.000000000000000083e-02 4.000000000000000083e-02
6.123124365236692207e-02 6.300325410472069898e-02 6.560983033730813374e-02 6.633664246996481828e-02 6.663863847085498004e-02 6.806886949014899491e-02 6.916093570562373283e-02 6.912990396665358306e-02 6.737118787709853174e-02 6.347965663899775290e-02 4.894538547521773419e-02 5.294251805963712254e-02 4.789333507455854899e-02 8.624637640433685526e-02 6.521496647284558135e-02 5.907451647852962617e-02 5.613717112871402515e-02 4.000000000000000083e-02 6.018945338504157194e-02 6.202978953995578332e-02 5.567111810051871001e-02 9.347462678953806503e-02 5.659378189659650810e-02 4.000000000000000083e-02 4.000000000000000083e-02 4.000000000000000083e-02 4.000000000000000083e-02 4.000000000000000083e-02 4.000000000000000083e-02 4.000000000000000083e-02 4.000000000000000083e-02 4.000000000000000083e-02 4.000000000000000083e-02 4.000000000000000083e-02 4.000000000000000083e-02 4.000000000000000083e-02 4.000000000000000083e-02
6.428187147088254561e-02 6.545455496344938784e-02 6.610047979969739529e-02 6.661752536132214964e-02 6.791329454840294710e-02 6.889560362115834669e-02 6.897642311631776990e-02 6.695931563611873250e-02 6.272303518933848576e-02 9.972965462307084583e-02 4.888795282290300803e-02 4.647564220643882887e-02 8.648876055536956764e-02 5.325572960490424640e-02 5.423507506246977306e-02 5.698078299738832536e-02 5.966807473138618922e-02 6.064506852125434166e-02 6.073571750248065587e-02 5.798297884796555640e-02 9.400214951289324883e-02 4.000000000000000083e-02 4.000000000000000083e-02 4.000000000000000083e-02 4.000000000000000083e-02 4.000000000000000083e-02 4.000000000000000083e-02 4.000000000000000083e-02 4.000000000000000083e-02 4.000000000000000083e-02 4.000000000000000083e-02 4.000000000000000083e-02 4.000000000000000083e-02 4.000000000000000083e-02 4.000000000000000083e-02 4.000000000000000083e-02 4.000000000000000083e-02
6.477322222522899353e-02 6.587893904380995314e-02 6.643093112741885187e-02 6.725390683869551800e-02 6.863346594881830631e-02 6.957647193340103786e-02 6.774396497395716865e-02 4.082240066142536067e-02 5.572418917881805794e-02 4.739565890738557663e-02 7.205998493582063680e-02 4.332256798987201701e-02 4.818423758044950572e-02 5.248676311205584255e-02 7.692253199083579074e-02 5.152425503383915167e-02 6.068659207580201498e-02 6.119899250021888087e-02 4.000000000000000083e-02 5.434809919728713495e-02 8.007387542370103528e-02 4.000000000000000083e-02 4.000000000000000083e-02 4.000000000000000083e-02 4.000000000000000083e-02 4.000000000000000083e-02 4.000000000000000083e-02 4.000000000000000083e-02 4.000000000000000083e-02 4.000000000000000083e-02 4.000000000000000083e-02 4.000000000000000083e-02 4.000000000000000083e-02 4.000000000000000083e-02 4.000000000000000083e-02 4.000000000000000083e-02 4.000000000000000083e-02
6.512562686274205037e-02 6.570246926777781327e-02 6.641443760926389606e-02 6.759366782124308359e-02 6.853227331862440930e-02 6.749202595902109580e-02 8.495224416379311416e-02 5.951198018920651756e-02 5.079883866809117854e-02 7.516859177900407640e-02 4.561669168010814429e-02 4.742948184702228120e-02 5.121874710116917223e-02 8.856420484186582065e-02 5.812527086284760558e-02 4.535835116217187823e-02 5.922281447083225375e-02 5.890538235115579807e-02 5.412086081546715888e-02 7.574266671872893764e-02 4.000000000000000083e-02 4.000000000000000083e-02 4.000000000000000083e-02 4.000000000000000083e-02 4.000000000000000083e-02 4.000000000000000083e-02 4.000000000000000083e-02 4.000000000000000083e-02 4.000000000000000083e-02 4.000000000000000083e-02 4.000000000000000083e-02 4.000000000000000083e-02 4.000000000000000083e-02 4.000000000000000083e-02 4.000000000000000083e-02 4.000000000000000083e-02 4.000000000000000083e-02
6.509099572320622973e-02 6.576155592427407326e-02 6.686232210064542436e-02 4.605395113500235227e-02 6.772452044780301328e-02 6.446087668376344892e-02 5.983050130621765661e-02 9.201310993693276319e-02 8.126515189217370372e-02 4.631993648449073131e-02 4.987528452890801350e-02 5.338438077178547098e-02 5.621721238062796916e-02 5.764623832243283286e-02 6.002911515227828815e-02 6.120644261832045019e-02 1.005961382121166453e-01 5.118845266727888033e-02 4.427356476070187785e-02 4.000000000000000083e-02 4.000000000000000083e-02 4.000000000000000083e-02 4.000000000000000083e-02 4.000000000000000083e-02 4.000000000000000083e-02 4.000000000000000083e-02 4.000000000000000083e-02 4.000000000000000083e-02 4.000000000000000083e-02 4.000000000000000083e-02 4.000000000000000083e-02 4.000000000000000083e-02 4.000000000000000083e-02 4.000000000000000083e-02 4.000000000000000083e-02 4.000000000000000083e-02 4.000000000000000083e-02
