lwc_50cms_1m_n.asc
ncols         118
nrows         96
xllcorner     539496
yllcorner     4190968
cellsize      1
NODATA_value  -9999
[rows 17 to 33 of 96, columns 0 to 36 of 118]
6.290404585275662097e-02 6.354568691528043878e-02 6.053801074297335966e-02 5.861928119689350375e-02 5.411167143345396030e-02 4.820556131779103748e-02 4.853811776210164436e-02 4.715362314045759562e-02 4.617478563383828338e-02 4.000000000000000083e-02 4.000000000000000083e-02 4.373466144394643623e-02 4.000000000000000083e-02 4.000000000000000083e-02 8.378875606665249498e-02 8.992616327832282652e-02 5.081143915123219335e-02 5.485342191297506997e-02 4.143736974595312039e-02 4.000000000000000083e-02 6.711838334074571311e-02 9.331923224449222010e-02 6.716839013336496633e-02 6.666781690290325690e-02 6.561333804031459216e-02 7.150825968172418168e-02 6.420934482780434049e-02 6.584969123143058489e-02 6.617966962287627486e-02 6.545455496344938784e-02 7.901358663571797503e-02 6.470947440978049026e-02 6.476761002372628806e-02 1.131607960073921643e-01 1.106311797685166770e-01 1.050384505982010774e-01 9.584069831699773556e-02
1.168026881621781615e-01 4.352744286519282663e-02 4.172707240074331747e-02 6.945034070394079384e-02 7.133655870117783238e-02 6.491829315204111772e-02 6.199024970335308832e-02 5.946905147930206526e-02 6.046698887174175446e-02 6.241616913212953005e-02 6.218670138851448842e-02 1.065941912492101018e-01 6.127082113850442630e-02 5.292758703718410812e-02 1.110451037409122127e-01 6.388082240249250143e-02 6.550416062057105859e-02 6.675175333447293247e-02 6.750115946325870031e-02 6.787782139687276173e-02 7.016049290822180817e-02 6.947012431229818152e-02 6.775890333523980347e-02 6.655398450297952961e-02 6.584624603867376968e-02 6.292567946954973068e-02 6.212924333039487185e-02 6.286066668364145849e-02 6.424251839712352696e-02 6.439171242062173561e-02 6.410733729605837261e-02 6.556590473433318578e-02 6.670985112577661191e-02 6.679993918212358273e-02 1.151146488063025664e-01 1.111483430830981639e-01 1.029593453413413101e-01
6.486268849925806712e-02 6.776935039880004064e-02 7.099811112090059773e-02 1.261506343898617377e-01 7.189157901537443496e-02 7.052330602070473742e-02 6.794425773920577394e-02 6.598165093303512418e-02 6.591669303706017280e-02 6.739421525886339637e-02 6.831615763546425302e-02 6.669854724426972636e-02 6.645563307882361437e-02 6.626506640027597650e-02 6.697356684916158653e-02 6.736042828388773274e-02 6.740341520684259291e-02 1.166822851409079903e-01 1.186233773991414164e-01 6.798836884823628024e-02 6.869354647626564614e-02 6.659800659717213245e-02 6.440711437557344876e-02 6.390285476928146691e-02 6.125599456098375362e-02 5.896237562010787220e-02 5.653180576896758847e-02 9.663244131824633154e-02 1.010679844193516641e-01 5.738878330080337403e-02 5.887828901943995691e-02 6.252152888606854475e-02 6.625671846575074964e-02 6.779617736246036641e-02 1.189625751366003154e-01 1.153281478243682046e-01 1.109760099552621337e-01
6.530639484397487982e-02 1.136761213256493874e-01 7.294264582387563478e-02 4.434955483890788697e-02 1.294514690346665053e-01 5.842525367203366821e-02 7.244707496672908587e-02 7.922538348885058146e-02 8.228292228095024363e-02 5.303663658273783527e-02 5.922422022285778187e-02 6.834049874334480190e-02 4.357456207070937310e-02 1.016240590327470439e-01 1.154830469940219123e-01 1.143596609584593415e-01 1.177306278426085706e-01 1.090446917925344400e-01 1.059303049518825340e-01 1.112016863983183168e-01 1.132963996858517841e-01 1.116761118169622563e-01 5.862544159656615794e-02 5.873882937956761974e-02 5.545910522864908737e-02 8.954806911152951576e-02 8.025954442081383033e-02 4.758108583108194151e-02 8.297643608539721771e-02 7.954426476963831483e-02 8.733686225474324161e-02 1.005080007135513015e-01 6.282803380397219972e-02 6.659149398144215137e-02 1.179895646076872945e-01 1.167072414485996051e-01 1.146489680871313616e-01
6.684475637558401351e-02 6.906220237283862418e-02 7.043870344665227601e-02 7.325752985625400004e-02 7.485570381388917394e-02 7.552124057237859234e-02 7.557323461364695572e-02 7.538170802146633431e-02 7.481026782950289666e-02 7.364651331295392345e-02 7.276414767376682136e-02 7.236133843290931678e-02 7.149755626073531212e-02 5.807832626931002523e-02 6.452204605298617057e-02 1.132095677342108142e-01 1.145376231288729174e-01 1.101814859150478387e-01 1.112092964368412984e-01 1.125456808982328027e-01 1.131398616243926153e-01 6.398265390168993150e-02 6.279531595597409588e-02 1.029593453413413101e-01 9.295044757788166467e-02 8.664848284544623969e-02 8.377935163776809024e-02 9.097359475884939095e-02 6.949408397801426496e-02 4.467276705223209576e-02 7.761421674075162647e-02 8.715765499956810991e-02 1.022596016132321928e-01 1.060222858589595363e-01 1.096531374220466176e-01 1.073744785289172110e-01 8.412964702392244920e-02
7.133685943100710747e-02 7.297175358768268061e-02 7.403507821376791032e-02 7.492811581681242672e-02 7.594072176888382042e-02 7.628302415814243453e-02 7.682639022320338074e-02 7.716525086383974052e-02 7.743567693199950031e-02 6.603991824561938895e-02 7.608358743413493053e-02 7.515217558325387737e-02 7.381290434825567293e-02 7.262759860918001353e-02 7.119766401172736292e-02 6.849978986553495464e-02 1.219899654804386530e-01 1.213910120761960004e-01 1.216838430251902803e-01 1.211814327083112625e-01 1.207769071222712653e-01 1.206557360544317642e-01 1.185101486423687928e-01 1.103205268520131704e-01 1.084963996704850914e-01 1.097020678999988813e-01 1.083105166431705124e-01 1.063292151115479423e-01 9.885125218839525829e-02 9.356508927092054007e-02 7.646009681225228449e-02 6.863768155826661943e-02 7.986413461300966021e-02 8.182155561396653454e-02 7.872911581852780338e-02 8.111658023554073338e-02 9.364613326739332222e-02
7.214474689703839760e-02 7.390991220205271606e-02 7.485570381388917394e-02 7.502711449169927049e-02 7.547777506817306137e-02 7.582205030074433416e-02 7.621683483776199586e-02 7.670640437718150018e-02 7.767885777866537222e-02 7.817602605751708400e-02 7.820521256408169419e-02 7.786622855006274102e-02 7.667424908743067369e-02 7.530264986731800836e-02 7.406381297438734135e-02 7.340836048150348181e-02 5.097278194917995858e-02 7.247909579158512416e-02 7.196910235496377373e-02 4.380022275132167131e-02 1.260694823881233773e-01 7.184321444417331171e-02 1.234769286910457758e-01 1.199911899135058663e-01 1.151242508959002958e-01 1.160310156095220174e-01 6.459810228848412994e-02 1.077301888995218782e-01 1.138714471656563365e-01 1.073563348169415954e-01 1.036415009124543457e-01 5.775294228145343850e-02 5.672951486967422324e-02 9.549345072004304658e-02 7.732665925931482553e-02 5.843107245380844278e-02 8.706735595479053735e-02
6.992266132110620813e-02 7.165646722974605698e-02 7.140595100922593474e-02 7.413720592003288090e-02 1.270656298740156787e-01 1.261303708537788448e-01 1.253061556889353834e-01 4.642994655919630703e-02 7.571101759745310633e-02 7.714184972007463725e-02 7.785132164150057599e-02 7.835755499928440115e-02 4.688367224033078429e-02 7.757293492771213939e-02 5.158238736787786050e-02 4.675309959834122314e-02 7.566809504595276015e-02 7.593227593398324538e-02 7.518771695218089135e-02 7.381290434825567293e-02 4.560922997460382239e-02 4.570460048254788854e-02 1.264125909190328967e-01 1.245361337975202376e-01 8.597101754649867644e-02 6.275155914117547251e-02 9.247151752719369455e-02 6.313574578078685884e-02 6.533150373151333512e-02 6.913904799068246176e-02 6.644317099462351828e-02 1.035697892440285428e-01 1.161812977099560967e-01 1.013240448847044090e-01 1.104390113303784782e-01 9.751816076232588948e-02 7.649719718068619112e-02
6.688305188996253314e-02 6.610385925624298609e-02 6.461704657379753469e-02 1.122752768377284632e-01 1.126243867855883374e-01 1.137800043860133642e-01 1.082147934761371472e-01 8.453137984565158025e-02 1.200846654280893211e-01 1.146089834519982836e-01 1.306345965099999507e-01 1.343564907713399315e-01 7.856552788376022778e-02 7.960620345612111348e-02 7.975889180260586908e-02 7.935745848824496407e-02 8.884935807768168381e-02 7.945203659488876691e-02 7.947223027936269057e-02 7.340317176456877257e-02 6.411387173133241413e-02 7.627476618501488614e-02 1.340741787744107461e-01 7.546035376712340037e-02 7.216655278070696622e-02 7.350162759764601594e-02 1.090614743549546822e-01 5.664710573927289605e-02 6.318666180134721588e-02 7.798431940364768111e-02 6.826302953304186349e-02 4.859055263796235868e-02 5.430722436722703467e-02 1.262517087192382148e-01 1.239436951635626144e-01 1.184824496432973912e-01 1.131991254918510298e-01
6.396474245620070720e-02 6.243641331450045656e-02 6.136185757935697094e-02 5.933062845382210126e-02 1.008210210799010687e-01 1.049877783410185367e-01 1.014449148714345050e-01 9.668612818661663499e-02 1.047941002394981447e-01 6.575635306362888344e-02 9.455430698763325759e-02 6.886847459832523555e-02 7.588997614863333963e-02 7.898727835869898128e-02 8.004049259249620962e-02 8.040630420934259670e-02 7.996892604322253240e-02 8.032360432552372587e-02 5.563226420179484544e-02 8.007939443829231729e-02 7.122918903583277950e-02 1.021243243038486570e-01 9.987063496554358932e-02 6.985388449378572562e-02 1.180851458248068642e-01 7.349812043308409648e-02 7.567376635274111751e-02 6.840472266468387852e-02 6.773499404520935685e-02 9.556620576308635928e-02 7.295112552532286021e-02 6.798083400407740895e-02 1.030297029094603967e-01 6.400787489668786912e-02 9.818954309631547361e-02 1.092715919769876864e-01 6.569269041431304024e-02
6.386276761782398725e-02 6.267682057518217387e-02 4.078138233129054158e-02 5.971871968828670191e-02 6.291531874961309168e-02 5.836387246251705657e-02 5.824995342224521810e-02 5.759587895605462748e-02 5.688094093083554542e-02 5.790134670058083577e-02 6.030497882875104909e-02 6.661589988947429208e-02 7.313573746901978756e-02 7.748156478753782939e-02 7.865078648125632677e-02 7.917345015658878993e-02 7.853700526328788456e-02 4.788283771155121826e-02 4.884324604794792329e-02 7.905648667828887866e-02 7.945877067449715059e-02 8.046330982582279578e-02 8.134306242286241939e-02 8.142072280706277865e-02 8.113211416943752474e-02 7.825615827766541077e-02 1.039900400690235704e-01 7.637356817883007853e-02 7.305397558616098797e-02 7.404466266348407044e-02 7.706358850326266996e-02 7.802189610604398640e-02 1.376115378277916745e-01 1.205044880285971315e-01 1.256338185605690161e-01 1.077859056760670092e-01 9.371737544590451330e-02
4.000000000000000083e-02 6.358062643789114121e-02 6.153468102067748136e-02 5.936249318354922672e-02 5.799273618639830957e-02 5.887527479825739596e-02 1.007276248098299548e-01 9.830909680717056509e-02 5.738192968096839097e-02 6.090483735568124474e-02 1.115640656246619511e-01 1.182596836317439254e-01 1.271825796611094350e-01 1.321063787337225792e-01 1.339844068600153371e-01 1.342082756936582855e-01 7.591537015931699994e-02 7.588150202894056173e-02 7.056646433477062330e-02 7.602492289308603046e-02 7.704788847314485156e-02 7.839360966425250321e-02 8.000800201767678532e-02 8.131309407204215245e-02 8.075156234112469689e-02 7.909097755153085552e-02 5.047430737857163535e-02 6.031396594653234966e-02 5.901863474182830749e-02 7.671443267869679228e-02 7.866495141487564458e-02 7.949911534593989693e-02 7.923502391402555134e-02 1.390798449780165091e-01 7.864369922842064098e-02 7.863660878068200188e-02 7.882693863329322259e-02
1.158549641732549013e-01 1.131119189516943679e-01 4.284954964964956398e-02 4.357288962763074258e-02 5.967653049248959618e-02 6.084361089982195242e-02 1.067488089447430344e-01 1.062002698790145555e-01 6.233939335985475699e-02 7.584000568264256947e-02 1.197111898814958719e-01 1.242602541938055000e-01 1.272796287229734091e-01 1.291650678860095935e-01 1.293086649213049388e-01 1.302749259411594418e-01 1.297347365947330855e-01 5.552319896848124242e-02 5.019492867505235406e-02 7.167902554485373889e-02 7.400628758150065711e-02 7.682639022320338074e-02 5.567343273429392614e-02 7.850127899632017292e-02 1.227139085283825704e-01 7.552124057237859234e-02 7.352791899609366355e-02 7.306422086766671542e-02 7.368583342749028542e-02 7.605009254949837705e-02 7.718861657814607424e-02 7.792571392901066762e-02 7.790343351942898009e-02 7.827794148600515645e-02 7.806608866854361506e-02 5.853107389908350500e-02 7.883394391571482696e-02
1.142302661939484792e-01 7.830047785624837109e-02 5.893541315767852201e-02 6.204603408675331278e-02 6.349619641732152930e-02 6.448576173806501444e-02 6.555005543352092345e-02 6.759517908789527962e-02 6.858296295074790827e-02 1.226212968678593723e-01 1.258039189911959455e-01 1.270851589047737873e-01 1.266122647621668040e-01 1.259063904111971666e-01 1.229666679823191583e-01 1.217298863000619430e-01 1.203347348718113996e-01 1.200431656804490793e-01 6.938021202550419264e-02 7.153175745851905742e-02 8.448259091564402912e-02 1.116394884734594056e-01 1.073479065884579420e-01 5.612565940223214478e-02 7.359721509379980875e-02 5.654921825858645612e-02 6.231445260271570308e-02 6.315061749920118650e-02 1.163366883208051955e-01 1.214081911503449435e-01 7.344832151792796138e-02 7.461791448313577491e-02 7.472813366922727296e-02 7.637356817883007853e-02 7.393889081226033555e-02 7.534662226132540774e-02 7.564228296315150812e-02
1.131014315452887470e-01 1.089057404697409831e-01 1.063577637053095271e-01 1.142435712164531492e-01 6.727094510753087175e-02 6.848988829184529670e-02 6.938419104725115916e-02 7.073803895306599032e-02 7.071152588604845413e-02 1.248602210895309594e-01 1.257216403280209671e-01 1.244365618502859122e-01 1.209999831205153947e-01 1.153630117189516913e-01 1.082191537232910367e-01 1.019623025715371417e-01 1.139423163392843663e-01 1.193878899086895651e-01 1.258654518876264339e-01 7.239354915191367756e-02 8.886799072258194654e-02 7.202422162082358637e-02 7.176890561263443713e-02 7.155451291535652736e-02 6.901733686795050171e-02 6.236202356180643724e-02 5.607195531103983943e-02 5.340403629530374174e-02 5.952625541532739761e-02 6.477696234260954533e-02 6.755279961666726951e-02 4.541399817141148626e-02 6.738040355202550014e-02 6.919593143710811578e-02 6.904726339580133376e-02 1.253668290787467443e-01 1.242405870546131885e-01
1.129646507753955670e-01 1.106077384729860363e-01 1.147630259147013471e-01 1.177306278426085706e-01 6.878525506740884587e-02 6.991883319365650717e-02 7.061955083037234349e-02 4.559807807520561973e-02 7.099811112090059773e-02 1.223442885660506185e-01 1.182568857448609845e-01 1.135651974498260858e-01 1.045261322384198055e-01 9.560720157851788914e-02 9.412517808761260152e-02 1.004067966374421195e-01 1.120639089441131386e-01 1.246245484257795799e-01 1.290025612834679314e-01 7.342835459191143777e-02 7.211197615421605089e-02 6.972219458379237678e-02 6.626339723400126447e-02 7.923412639226819210e-02 6.304614561485874513e-02 5.595982169103539544e-02 5.527053216243881656e-02 1.074559361028452620e-01 6.389484739409245773e-02 6.494969705718864339e-02 6.072024111124478540e-02 4.000000000000000083e-02 1.063815249660469142e-01 6.134468621470144656e-02 1.103798485812514801e-01 1.102093643392730860e-01 1.070040432469438196e-01
1.165422747760476441e-01 1.170130787061291477e-01 1.200249869610259812e-01 1.213246358155761206e-01 6.865305592520054567e-02 6.925227674699235836e-02 6.930572667330198167e-02 5.733607650620268364e-02 1.195076494032412812e-01 1.144488149947876371e-01 1.066082938088040305e-01 9.657090171903491560e-02 9.142490533166215683e-02 7.828428315077634592e-02 8.905816337634626934e-02 1.086294272627162938e-01 1.180573845118541160e-01 1.275302389258876901e-01 7.349812043308409648e-02 4.642329801061201300e-02 7.022806700461869944e-02 6.681596258167529778e-02 6.188497242350059907e-02 5.521665199966681314e-02 5.423961869554250886e-02 5.507447838990437577e-02 5.951198018920651756e-02 6.364817742955491964e-02 6.533329537828964917e-02 6.335282683423212879e-02 6.117163653338184709e-02 1.041862673739880896e-01 1.030375014578311099e-01 1.030875885869510372e-01 1.006086978154358685e-01 9.247815073415274756e-02 8.480569545418786825e-02
