lwc_50cms_1m_n.asc
ncols         118
nrows         96
xllcorner     539496
yllcorner     4190968
cellsize      1
NODATA_value  -9999
[rows 17 to 33 of 96, columns 37 to 73 of 118]
8.901189935894802951e-02 9.208166326692572567e-02 9.632276229071726203e-02 9.483852939805820226e-02 9.584069831699773556e-02 1.029537513968014767e-01 1.018622324843142246e-01 9.678543870154343587e-02 9.018834517195543909e-02 8.445993442401163176e-02 7.856350627249399088e-02 6.711572558458857307e-02 7.073858595974692742e-02 8.565315646443823205e-02 9.721496777714944137e-02 1.015110635686094775e-01 9.853332622822327802e-02 9.664012000576652217e-02 1.004764291634827056e-01 1.046708488154618338e-01 1.025240960377881844e-01 9.553415380231203291e-02 9.654005824076736242e-02 1.028302984052900521e-01 6.141810924567269597e-02 6.166212592618451616e-02 7.354399397940783456e-02 6.263501192274152640e-02 8.258385921870921298e-02 6.099891274913089856e-02 6.668399959299198265e-02 6.604629064404966832e-02 6.536192837137418110e-02 1.155710965201156570e-01 1.161751827438438911e-01 1.164759598892810000e-01 1.161996329590918864e-01
9.320978113100859830e-02 9.547714516914382332e-02 9.949210486462888026e-02 9.984737651134628633e-02 5.408405637218920148e-02 1.007088934969577465e-01 9.991897746237878020e-02 9.680067210764937979e-02 9.747408473119391348e-02 9.386943357839563906e-02 8.903504639234104123e-02 9.057461138160527447e-02 9.129272148903891382e-02 9.775881556854157384e-02 1.030486424542057938e-01 1.046244418507802643e-01 1.019916417155509181e-01 1.020560396929354741e-01 1.060512497461154058e-01 1.079780250904279759e-01 1.069023149223202601e-01 1.036577291295252140e-01 1.041809951897838538e-01 1.075325857880968933e-01 6.188027259639108241e-02 6.362774527759727794e-02 6.506359012791135266e-02 6.615444774031052633e-02 6.642268692804784158e-02 1.174369653030516991e-01 1.166503847641240932e-01 1.159570515278202096e-01 1.138139149257144656e-01 1.137833977146151254e-01 7.763514344315687599e-02 1.130699401191093967e-01 1.124487096357493776e-01
1.048911628024094267e-01 1.072562693441809489e-01 4.614069534765086189e-02 6.084616815993388467e-02 8.576955171464131777e-02 1.001772044203522727e-01 9.495624775734097522e-02 9.263059892390683447e-02 9.354703173942646721e-02 9.572027974697173980e-02 9.332896993048048206e-02 9.493947547854583724e-02 1.014449148714345050e-01 5.861928119689350375e-02 1.039636781503779500e-01 1.050586853240663004e-01 1.056814148663727942e-01 1.075685619074972649e-01 1.087148211963512301e-01 1.084101406469732132e-01 1.053499217688954603e-01 1.037709724581839799e-01 1.060946215550462590e-01 1.065141000142683786e-01 5.241605833333544406e-02 8.756255660635434146e-02 8.903453630837347699e-02 6.596970901479891347e-02 6.572161461648197422e-02 1.143199251345416445e-01 1.120272639868193920e-01 1.126350981260949430e-01 1.126850171573067910e-01 1.135686229893103222e-01 1.144586995927480422e-01 1.129822330971058664e-01 1.101735141690291520e-01
1.101655395379370628e-01 1.102213014492769011e-01 6.266579194182436696e-02 6.197393187555832322e-02 6.037163944558791850e-02 5.460043896976148753e-02 9.986692951001038820e-02 9.811789385904924610e-02 9.922479104822141960e-02 9.858898696422617458e-02 9.635395490462526913e-02 9.902871243104219290e-02 1.032316051658523359e-01 5.848604298476797053e-02 1.026380374305091575e-01 1.061763050170821121e-01 1.083322130293242619e-01 1.079868407027225058e-01 1.119868851880291283e-01 1.089310703354581245e-01 8.509936890800817721e-02 1.038514838668099238e-01 1.027908620323174649e-01 5.381813071360777578e-02 1.012694816018244875e-01 9.232310331209986343e-02 9.060354857314477373e-02 6.186656810380195687e-02 1.128199570794955475e-01 1.125707535357680783e-01 1.107208087511997036e-01 1.140699983265411055e-01 1.144521103350583380e-01 1.130804421339669658e-01 1.128624025285726029e-01 1.125600115388669387e-01 1.122643927041512835e-01
6.165734053741347281e-02 8.570698160587862657e-02 6.064766791127368384e-02 6.056682653553176893e-02 6.098852443302561072e-02 6.169079933460403647e-02 1.060753561416161589e-01 1.045572273326380586e-01 1.035710314268901838e-01 9.914389012403662660e-02 9.329237749300367533e-02 9.448951592770701846e-02 5.794060190349448886e-02 6.020294363812958571e-02 6.098346880856708729e-02 6.236654467860186513e-02 1.116798370237664512e-01 1.105137240474492050e-01 6.843521904016464097e-02 1.069994297110899439e-01 8.190555083391634628e-02 5.545910522864908737e-02 5.628914289224695722e-02 9.489747984459541430e-02 9.835836576594260416e-02 1.073563348169415954e-01 1.130629360653797461e-01 1.139591575122005374e-01 1.107208087511997036e-01 1.119280221260301744e-01 1.151817795049060317e-01 1.175842549532770537e-01 1.184325097018640166e-01 1.137630301484557627e-01 1.090908128051438358e-01 1.124487096357493776e-01 1.138240782437992676e-01
5.899524624421552399e-02 6.161418824860806498e-02 5.962004522367288922e-02 1.013301475022426457e-01 5.716391586758930859e-02 5.845483875302502630e-02 9.136702533315559094e-02 5.878448731415922973e-02 1.028246692661465428e-01 5.535701846757018485e-02 9.284756901687010733e-02 9.810365633457922285e-02 5.971310306743279894e-02 1.112245087072066263e-01 7.836264333824684292e-02 6.608864489371184259e-02 6.789704752271272237e-02 6.067355354071273660e-02 4.443461931544510912e-02 5.899524624421552399e-02 1.010188327820726317e-01 1.042441735444852718e-01 1.078675251261654033e-01 1.125313411280566556e-01 1.128022478850290305e-01 1.131189078559058786e-01 1.141101709060739905e-01 4.867360093526943571e-02 1.175640932891964252e-01 1.192970049452849873e-01 1.213713639523174709e-01 1.227354122226313182e-01 1.239193466864751264e-01 1.188755026673692511e-01 1.111864585047913218e-01 1.151881627120071722e-01 1.169332939311858582e-01
1.037978443003134410e-01 1.139894403008926693e-01 5.398760583208894737e-02 5.838275128841736300e-02 5.510389966433750647e-02 5.422598208241959095e-02 5.611802931735618977e-02 6.108418549487466820e-02 6.225986250884956580e-02 6.131027121187224149e-02 6.192016436593828638e-02 6.252822391535342583e-02 6.495523104930148173e-02 6.757097852244854652e-02 7.636456622423476448e-02 6.953193120032802321e-02 7.606585782942594520e-02 7.310513032324181260e-02 6.738807846985513106e-02 6.486083090095766390e-02 1.152868769832200990e-01 1.176589901875838978e-01 6.893264761884604352e-02 7.109236731187390523e-02 1.279865358567049416e-01 1.274341418343304944e-01 6.605728247876690995e-02 1.297347365947330855e-01 1.276068567529476949e-01 1.282862749220134435e-01 1.303610126997706009e-01 1.305152562943446559e-01 1.287477205278602654e-01 1.257833745429592642e-01 1.225839194382221248e-01 1.236924226258505760e-01 1.235871551156962067e-01
1.091242942270027882e-01 6.777829862007747619e-02 6.753004153224767547e-02 6.487011623369608182e-02 6.336118252271119577e-02 6.062164890553513319e-02 1.125349269271950642e-01 1.000087420835253926e-01 6.831902354665402022e-02 7.424105756464166594e-02 6.764621975316563451e-02 1.018396852881468528e-01 9.614977436538232891e-02 8.071686081897384846e-02 1.321063787337225792e-01 1.334240591367289452e-01 7.655306241414511215e-02 7.636535905637588384e-02 5.178823446828632882e-02 7.282674062400318338e-02 1.282676435542384752e-01 1.296288736908981776e-01 1.316521662630407152e-01 7.627476618501488614e-02 1.313502651622828477e-01 1.113761079274803306e-01 1.375984213485966778e-01 1.390922778076074673e-01 1.370952996054419781e-01 6.297141316750601292e-02 7.779155085030148298e-02 9.973828122002779961e-02 1.365963842005055995e-01 1.351430461762004598e-01 7.552124057237859234e-02 7.577944163530032917e-02 7.347839125419733386e-02
1.177163177414895651e-01 7.085673696440016045e-02 7.330797929579224714e-02 7.339835320668094965e-02 7.210103600690581649e-02 7.388187872211432472e-02 1.290929689826883220e-01 1.330231441905615486e-01 7.615868248612590874e-02 7.692962535982361683e-02 6.950754892417253250e-02 7.867202910197558519e-02 1.383107175362755237e-01 1.345652379419489952e-01 1.409205067717160254e-01 7.935068130218438098e-02 7.927594056030747016e-02 7.836477257004277608e-02 7.830693869764068782e-02 7.743567693199950031e-02 5.176039453339008334e-02 7.782146493774423635e-02 7.786622855006274102e-02 7.879888633160082867e-02 7.951254084994364979e-02 7.978529766828919290e-02 8.050750833206718471e-02 8.107742443453376524e-02 8.133108170740915854e-02 8.106524607482362699e-02 8.105915346294052803e-02 8.092453311614351830e-02 8.072047892865877317e-02 8.047595035926358165e-02 5.205357367613767938e-02 7.999498729491258397e-02 7.988393242301680686e-02
7.094006875628407205e-02 7.467312575475283654e-02 9.294545353294231260e-02 7.795537168232920255e-02 7.767885777866537222e-02 5.801807099617432850e-02 7.906339087360235440e-02 7.958617925334184051e-02 8.000800201767678532e-02 8.034272671990577708e-02 8.073291947493609066e-02 8.130709376983474845e-02 7.968604943097010174e-02 8.012466082367089570e-02 8.060181292423801436e-02 8.111997681893026724e-02 7.945877067449715059e-02 7.708710860380810215e-02 7.748919956774984186e-02 7.802189610604398640e-02 7.874263146563012516e-02 7.808813812676428101e-02 5.324889283924017641e-02 7.866495141487564458e-02 8.001450541158529328e-02 8.011820202214396669e-02 8.029807233950971013e-02 8.060808031775659743e-02 1.025619299014359220e-01 8.183846289979999911e-02 8.226845677948471658e-02 8.195423449442100494e-02 8.158674435212476261e-02 8.206346521364360491e-02 8.201181501324961154e-02 8.191380744472478992e-02 8.130109125275807036e-02
4.896647898840204155e-02 7.706358850326266996e-02 7.895950992599141960e-02 7.965947854891718138e-02 7.943855986801864888e-02 7.957281577658950611e-02 8.006643765477104713e-02 8.033635511689266040e-02 8.001450541158529328e-02 7.983797868452525981e-02 7.980507343033234335e-02 7.784964532594058906e-02 6.174716913122764439e-02 1.028839807056508848e-01 7.874263146563012516e-02 9.035720068484083545e-02 1.094631830606299788e-01 5.526688320483556793e-02 8.726762408494706524e-02 7.479205473619458810e-02 7.625823681528171027e-02 7.500916327097419123e-02 7.465474467439515982e-02 7.489195357418058918e-02 7.643908285352389587e-02 7.761084753655729529e-02 6.505472350810653781e-02 7.476469344702821318e-02 1.334393591842323867e-01 1.398766592293438638e-01 1.422399821659294517e-01 8.092453311614351830e-02 8.127705899973550197e-02 8.147427152491355795e-02 8.096135886448600771e-02 1.419383027378587625e-01 1.411177699194046675e-01
7.824889046617282407e-02 7.882693863329322259e-02 7.879888633160082867e-02 7.848696569764046505e-02 7.830693869764068782e-02 7.874967432000183620e-02 7.883394391571482696e-02 7.918030351749655305e-02 7.843676610737909671e-02 4.771402945482106778e-02 7.656927613275762989e-02 7.537294423480198069e-02 7.427284975298345526e-02 7.330797929579224714e-02 7.154313971052647658e-02 6.984204966711536622e-02 6.869215223547653348e-02 6.670016267101951113e-02 1.171952655456151710e-01 1.187525149024460935e-01 8.558792581586409376e-02 9.646817004315338950e-02 4.291838536803675719e-02 1.151370474562342233e-01 7.006230768605117842e-02 9.429273097121325387e-02 1.245210072070152690e-01 1.255770015110873883e-01 8.671488286847120475e-02 1.313559815342566772e-01 7.665814612429881769e-02 7.772403308217461226e-02 7.763355073003516682e-02 7.552991868136806064e-02 1.304810586571292785e-01 1.315702266881010052e-01 1.316194210348300697e-01
7.864369922842064098e-02 7.748919956774984186e-02 7.651245283095968464e-02 7.561642676463992130e-02 7.578797295468524264e-02 7.618363210326647983e-02 7.543418404968195434e-02 7.503608205491181515e-02 7.413064480442443926e-02 7.298205669503607385e-02 7.237957396311524294e-02 7.086986444020386411e-02 6.980607242624825570e-02 6.795603470565593496e-02 6.423862006773931044e-02 1.068512687023495528e-01 5.842668355756099052e-02 1.039210088586730030e-01 1.053399459226264101e-01 1.017319959639347987e-01 5.443767976346083198e-02 9.030724932765198110e-02 9.295044757788166467e-02 1.063006281408445663e-01 6.182998892293426613e-02 1.196030267945656506e-01 1.216862685281087791e-01 1.244257147748574072e-01 7.113926207276051461e-02 7.203522020470068399e-02 9.408595574460404398e-02 7.218832576967589010e-02 1.268891896819936693e-01 1.196637638353976046e-01 1.101854707068720546e-01 1.082496508851303191e-01 1.101336121168300652e-01
7.545163556982630026e-02 7.446967753401616263e-02 7.329790328956099776e-02 7.260647671983053164e-02 7.191377120521635913e-02 7.181363542684286727e-02 7.137144702292513854e-02 5.334415464148973413e-02 6.927635473314051884e-02 6.656541162206548734e-02 6.560456702403799634e-02 6.666133832375363555e-02 1.180799479209206637e-01 1.145999119794245541e-01 1.086080262422940701e-01 1.007525728328218934e-01 9.112870876650439045e-02 9.898790107250245163e-02 1.018327063364692503e-01 9.565574551020100680e-02 1.008458538481073058e-01 9.993196829412659410e-02 1.043176404734095647e-01 1.095836318189825076e-01 1.141369133924071272e-01 1.182792595785739920e-01 1.218723104129023904e-01 6.258254668491479433e-02 8.739614909262814757e-02 1.181475091056642945e-01 1.132512886159394300e-01 1.139119708273004933e-01 1.186619174143370842e-01 1.135617713936302592e-01 1.032536726346259814e-01 1.028640409256161986e-01 9.541996582914874514e-02
1.248047171893141155e-01 1.238239360465430150e-01 6.988944934443674928e-02 6.947934703090198616e-02 6.892168199503104220e-02 6.864326443122656385e-02 6.707918550734712215e-02 6.470864163480688491e-02 8.268938209077950074e-02 8.926912097669348345e-02 7.817407289813337046e-02 6.733426200868339317e-02 1.017626162431537334e-01 9.154995002978238983e-02 1.164669023083529931e-01 6.566409467562825397e-02 1.068837667616002879e-01 1.081755116677737411e-01 1.035656007563997838e-01 6.165734053741347281e-02 1.122171670546756317e-01 1.089099641599792084e-01 1.102610451997691199e-01 1.107091385733510458e-01 1.119317056046301856e-01 1.131817110443168739e-01 1.136062698696334444e-01 1.123621605466567780e-01 1.075730546949027061e-01 1.062242077321903927e-01 1.054295589963632623e-01 1.084489996640944504e-01 1.139254627111673523e-01 1.122026160727567778e-01 1.079427266076715131e-01 1.065706662317984499e-01 1.066973941104464585e-01
1.088676903517937916e-01 1.148311895062114896e-01 1.161568281832621036e-01 4.431370938999085185e-02 6.481430426058384930e-02 6.570421090701498990e-02 1.160924727655210653e-01 6.642268692804784158e-02 6.701149613104355474e-02 6.598847003731254934e-02 6.662564974736688572e-02 6.785263838394016422e-02 6.871861864847628176e-02 6.906084495153351488e-02 6.904998077566742998e-02 6.886947579772323413e-02 6.650981633351296662e-02 6.293216230903023178e-02 5.997702190081449780e-02 6.143030384833464419e-02 1.104547613329285721e-01 1.056863233178964995e-01 1.048605599756120416e-01 1.023404622194123287e-01 1.005584122869393610e-01 1.051997856049098345e-01 1.101016383501890600e-01 9.796070971607252764e-02 9.790323784274405916e-02 1.026891054020765692e-01 1.061090591446611359e-01 1.099168823222227420e-01 1.128447266252032982e-01 1.106311797685166770e-01 6.107415113096452408e-02 6.219128658315961622e-02 1.073290904685124253e-01
8.267595071670362505e-02 9.154607878884307715e-02 1.012512463463676182e-01 1.004384777107985571e-01 1.016606049869963613e-01 6.108669279855019618e-02 6.111924101519342067e-02 1.109067004083182650e-01 6.991510007854428999e-02 1.131921613202836741e-01 1.127774316351532469e-01 6.570421090701498990e-02 6.692600370350136607e-02 6.723995036611497833e-02 6.737118787709853174e-02 6.734196325015714968e-02 1.154136289849995306e-01 6.646657010030344870e-02 5.818937748793590048e-02 8.858264388313018267e-02 5.764958780320852266e-02 5.688094093083554542e-02 5.999624047118443798e-02 6.051963765059915207e-02 6.013262861337401871e-02 6.126093874724832661e-02 6.169079933460403647e-02 1.079073703153719255e-01 1.074288178804941596e-01 1.082887985045035278e-01 1.106506952282722556e-01 1.052999952294917385e-01 1.047633552999200496e-01 1.057744811416500147e-01 1.017853752788278610e-01 9.997736983227997754e-02 9.556665395065172541e-02
