lwc_30cms_1m_n.asc
ncols         118
nrows         96
xllcorner     539496
yllcorner     4190968
cellsize      1
NODATA_value  -9999
[rows 17 to 33 of 96, columns 0 to 36 of 118]
5.944321969002530626e-02 5.980265371993925827e-02 5.782573349391228329e-02 5.554817081634396553e-02 5.058220097494924711e-02 4.459004058110239282e-02 4.324959597014559065e-02 4.000000000000000083e-02 4.000000000000000083e-02 4.000000000000000083e-02 4.000000000000000083e-02 4.000000000000000083e-02 4.000000000000000083e-02 4.000000000000000083e-02 7.856134398407019215e-02 8.425848077055914098e-02 4.226198558646748760e-02 4.527008948811755973e-02 5.595536104291100321e-02 4.519916521205138982e-02 6.036632012396030839e-02 1.045313179667450992e-01 5.989983811875081859e-02 5.901015721533519470e-02 5.788166909099416724e-02 1.001451076485668085e-01 5.652441647302794414e-02 5.801547144081536239e-02 5.846420876875531303e-02 5.808986097323479147e-02 1.011353733734190741e-01 4.000000000000000083e-02 5.720576360198739718e-02 9.716272770132461378e-02 9.036103891770845553e-02 7.729620045872180600e-02 6.081545344396303149e-02
1.101056376106011037e-01 4.542260171950036896e-02 4.228688543653702503e-02 4.024194548613037326e-02 8.679569937338076080e-02 6.144005082308413856e-02 5.728208923297491845e-02 5.255081069097515545e-02 5.538978867626166008e-02 5.870523376070204552e-02 5.780592676218259535e-02 9.735605899872137869e-02 5.628914289224695722e-02 6.791033011340247283e-02 1.040009420854352273e-01 5.832602295273916354e-02 5.815416257657723270e-02 5.968779553009113253e-02 6.010003637480990785e-02 6.121636906128401917e-02 6.392684684025458364e-02 6.306112323587115265e-02 6.055635599670983193e-02 5.889936699408222787e-02 5.912582108739152659e-02 5.650962337494722099e-02 5.473252159816294898e-02 5.310027847694000908e-02 5.426684060697720136e-02 5.574005372041246353e-02 5.758241253376319979e-02 5.949196606449688729e-02 6.071505733137633892e-02 6.025675404558158976e-02 1.017853752788278610e-01 9.479630948788148048e-02 8.482633626261384951e-02
6.069177254388563592e-02 6.349619641732152930e-02 6.728022962189768308e-02 1.200509523484446367e-01 6.866144308040346422e-02 6.701938456985263859e-02 6.333400636293125274e-02 6.015972150105521055e-02 6.083337648166865091e-02 6.307608309133500013e-02 4.105574350635834285e-02 6.112174113755504401e-02 5.998526220104156287e-02 6.008098334711738792e-02 6.111674038138151938e-02 6.030765233657250229e-02 5.957466357114056532e-02 1.074739959255267552e-01 1.044949908234628216e-01 6.077950405332517569e-02 6.209695039955442919e-02 5.871746147184313952e-02 5.555220232715208512e-02 5.504075756417210058e-02 5.382757332007243739e-02 5.250815573016791998e-02 4.936489480300961658e-02 7.741767747020196488e-02 7.723510220451204611e-02 4.594435780742645720e-02 5.038712037485471029e-02 5.593258588206329041e-02 6.041145985059203499e-02 6.210387738406590585e-02 1.081929790535146735e-01 1.034948721366130558e-01 9.849147726747570220e-02
6.114920879350247557e-02 1.092161042169575019e-01 9.515634745462636657e-02 4.612048637324928785e-02 1.240188032632241061e-01 6.657951837266831707e-02 6.907034410053354556e-02 9.900291244178810457e-02 1.041923782306245216e-01 6.177842567663718171e-02 7.355567938901536040e-02 6.356214100625408314e-02 4.797943404212892671e-02 1.045105673305203181e-01 1.027060998768146022e-01 9.782393754615067993e-02 1.036252599803324237e-01 8.880220950778182354e-02 8.538863251390384213e-02 9.583269391558904560e-02 9.762791711669442651e-02 9.591258794485356398e-02 4.685340877329417092e-02 4.780747573562377922e-02 4.577191216339507318e-02 7.776284981134570784e-02 6.933345721713608800e-02 4.000000000000000083e-02 5.387252522263345084e-02 5.102451216332287709e-02 6.929705848778167088e-02 8.536009733801441790e-02 5.529531161303623266e-02 6.065026674435645276e-02 1.081886135288887274e-01 1.073608721823977874e-01 1.060849910349986047e-01
6.297529613254483627e-02 6.537264959396094088e-02 6.685593723396485166e-02 7.023929780590486283e-02 7.207913077967792459e-02 7.284754529703740822e-02 7.290978169200752756e-02 7.269078065254998278e-02 7.201321463273963053e-02 7.060618891246783768e-02 6.952536904581478605e-02 6.902550508378427208e-02 6.790148045767611940e-02 7.146944861996515352e-02 5.790462305351569416e-02 9.821018689550344016e-02 1.008023764139487355e-01 9.526389528220104153e-02 9.935889744008173652e-02 1.016128713701995590e-01 1.012634050075029712e-01 5.709382738467413260e-02 5.575193732794025969e-02 8.746375082013127522e-02 7.141978793684863880e-02 7.469190091549091082e-02 7.008810973924774201e-02 7.329478889194680769e-02 4.000000000000000083e-02 4.000000000000000083e-02 5.431539810523933198e-02 5.557844330927626253e-02 8.652882949893496434e-02 9.272524578284402352e-02 9.835133489513007976e-02 9.762061919714981606e-02 9.965078563405330159e-02
6.825871277645229052e-02 7.007871971465969019e-02 7.129061181550781778e-02 7.225344845532537252e-02 7.336829038090673938e-02 7.375439222801329076e-02 7.439500228102291501e-02 7.482845877922432443e-02 7.515217558325387737e-02 7.312970668905774407e-02 7.356755672186338080e-02 7.245775643809801436e-02 7.082087282008522888e-02 6.936029978238614224e-02 6.755279961666726951e-02 6.399855416645758299e-02 1.143596609584593415e-01 1.136984122920001866e-01 1.143398016772197850e-01 1.136643290035034004e-01 1.129259214330461530e-01 1.124954516767672080e-01 1.093448214195683749e-01 9.865834266540098041e-02 9.603973038620781943e-02 9.814633795758699597e-02 9.811077638812944202e-02 9.349275432508388772e-02 8.455003493032474393e-02 8.197086486812502071e-02 5.577199367121763590e-02 4.000000000000000083e-02 5.279465878435945364e-02 6.077649660183119529e-02 5.747088381418657965e-02 6.681782203888990412e-02 8.500806754037340540e-02
6.908661317491256171e-02 7.115096164807246937e-02 7.228590005692281384e-02 7.239354915191367756e-02 7.283714667457980019e-02 7.318660749797817333e-02 7.371525481606441832e-02 7.432935258681859503e-02 7.546035376712340037e-02 7.602492289308603046e-02 7.605009254949837705e-02 7.565949590987726403e-02 7.426341168789021840e-02 7.262759860918001353e-02 7.111583401921862946e-02 7.034616415467079276e-02 5.550276596395729845e-02 6.922279113815643647e-02 6.859841415358512717e-02 4.528687592520988514e-02 1.197427551324263678e-01 8.882676469388858798e-02 1.162057414955037921e-01 1.121734857714303812e-01 1.053848000855459044e-01 1.063767748365305049e-01 5.946044711626789769e-02 1.042599382598724117e-01 1.022016476900604043e-01 9.571222485727391704e-02 8.887238127480896754e-02 4.775009127809361209e-02 4.493882365655538919e-02 7.429985988582230028e-02 5.354970632719890239e-02 4.000000000000000083e-02 7.941982137002778774e-02
6.632667827216749690e-02 6.833048118434646712e-02 6.795309142068386987e-02 8.881718284372339123e-02 1.208045900699160624e-01 1.201105664012188656e-01 1.190547418138941660e-01 4.871105513089535322e-02 7.324741909316979938e-02 7.484662764450163153e-02 7.565089188431702028e-02 4.610776583221710967e-02 4.725631000026239009e-02 7.530264986731800836e-02 5.396936321528190972e-02 4.743707210513619515e-02 7.306422086766671542e-02 7.338833910514715175e-02 4.361104329357494425e-02 7.081967578351912318e-02 4.738823547796756908e-02 4.768165331823434605e-02 1.201364394776368166e-01 1.178419492341214597e-01 1.114250958358845717e-01 5.749109978301810558e-02 1.009695612771866896e-01 5.719531601379131830e-02 5.865312341589918460e-02 1.040168919281189708e-01 1.015050589509049195e-01 9.498137843542843461e-02 9.435154899371521464e-02 9.722241919856076942e-02 9.386055241693774809e-02 8.493062989285433961e-02 6.616561309886910547e-02
6.333400636293125274e-02 6.169318577972515705e-02 4.000000000000000083e-02 1.032371242444711790e-01 1.033417074989243095e-01 1.050940492749338345e-01 9.815344254620457509e-02 1.032922340560474411e-01 1.136336102917640534e-01 1.227934305695610323e-01 1.254939752884957349e-01 1.299975202437200494e-01 7.645541773824100773e-02 7.761841895743343267e-02 7.776907748043605795e-02 7.731264019306173518e-02 9.904103747619499853e-02 7.743567693199950031e-02 7.742801572209172256e-02 8.196223805960838049e-02 7.071869269834017702e-02 7.369564708364521877e-02 1.293444399092107122e-01 7.269078065254998278e-02 6.882812015714717679e-02 9.252723729702456990e-02 9.947218053970578733e-02 8.510995642264340688e-02 5.518753036639058307e-02 1.003496444365801349e-01 5.887527479825739596e-02 7.451996369610622284e-02 8.581669430917987507e-02 1.130138468430072901e-01 1.127561388109558083e-01 1.084533130378704940e-01 1.004448079335240746e-01
6.062164890553513319e-02 5.898031640560599809e-02 5.760932965388668864e-02 5.536931866231258048e-02 9.278180287120461889e-02 9.563148894535937472e-02 8.911582493169138697e-02 8.486019174203433824e-02 9.443789637119275049e-02 6.034768401915761166e-02 1.054394925302329505e-01 8.301191929767837152e-02 7.340836048150348181e-02 7.688206448739832999e-02 7.807344194793781889e-02 7.849412397823708754e-02 7.802189610604398640e-02 7.842239381717495961e-02 5.755525077549193680e-02 7.811015649874576694e-02 7.737785068819896805e-02 1.130075240859410995e-01 1.104764560908095966e-01 7.552955895638022166e-02 1.315231518683976086e-01 7.057455584185806652e-02 9.076676195700728034e-02 6.490719126256869198e-02 6.285849379206355503e-02 1.078009524883827563e-01 6.375794816101404416e-02 1.005725350898111631e-01 1.236073474471621608e-01 8.004352484159242553e-02 1.237660670768918891e-01 1.222283322056603033e-01 8.596968451355918583e-02
6.080005503365219083e-02 5.948624155473781344e-02 4.401626465598124788e-02 5.632305545523460383e-02 7.897638415878277529e-02 5.392154687351948666e-02 5.240615011174023369e-02 5.104177736571297724e-02 4.943014945763692103e-02 4.662878252592834311e-02 5.095523372031830062e-02 6.176456542396786126e-02 7.012784082437545363e-02 7.513437333573891319e-02 7.648803525458740260e-02 7.709494066994217187e-02 7.638997320051527096e-02 4.850145162237417401e-02 4.964184276663020923e-02 7.696914741713938024e-02 7.742035072006872576e-02 7.853700526328788456e-02 7.950582951485167527e-02 7.957281577658950611e-02 7.922819419152146714e-02 7.593227593398324538e-02 1.181847232897792060e-01 7.402548755610385833e-02 6.979191310835806961e-02 6.761028247051836804e-02 6.931106034483273948e-02 7.263814804676853309e-02 1.302058511623722936e-01 1.306685938092354560e-01 1.302058511623722936e-01 1.296818591545589872e-01 1.141997261752395049e-01
4.099606051469312923e-02 6.050386705785947700e-02 5.811562431475487955e-02 5.592479202864591298e-02 5.399149344420681867e-02 5.363232270273900898e-02 8.866102848284139470e-02 8.421576105102736298e-02 4.887266816860787871e-02 5.127906856411195563e-02 9.483009293214289537e-02 1.083365497004691730e-01 1.207995591655670331e-01 1.271241720110916906e-01 1.293801654909496057e-01 1.296465475447012572e-01 7.331804838216396392e-02 7.331804838216396392e-02 8.059131938302466214e-02 7.346826134073358716e-02 7.465474467439515982e-02 7.619193957120666549e-02 7.800713739910188071e-02 7.947223027936269057e-02 7.886892372188931966e-02 4.635792042983757910e-02 5.173026166583183372e-02 6.531294141770166428e-02 6.613277116389976173e-02 7.181363542684286727e-02 7.219919996272355922e-02 7.559052628419996034e-02 7.588997614863333963e-02 1.326003140178160788e-01 7.496419100528807500e-02 7.491004560614582253e-02 7.574526824788498092e-02
1.107596649886155304e-01 1.075460838852198009e-01 4.984794770547902598e-02 5.471793789619403686e-02 5.432108048568680403e-02 5.497300437018055874e-02 9.465205418160628492e-02 9.308056593590705030e-02 5.521665199966681314e-02 1.050283259219810389e-01 1.065093793769282260e-01 1.155019430188949092e-01 1.207391064457246088e-01 1.235219784836763118e-01 1.236968921708503644e-01 1.248303497078070978e-01 1.241178626369669330e-01 6.356047939691412962e-02 5.636770610833091028e-02 6.793247055722997918e-02 7.095549089933017584e-02 7.433874887732502823e-02 5.865170515235639676e-02 7.630777129441822237e-02 1.334546504653066623e-01 7.313573746901978756e-02 7.120931570464494875e-02 7.005978105167436076e-02 6.904726339580133376e-02 4.280772795581650608e-02 7.189157901537443496e-02 7.419717672726638957e-02 7.414968439837985037e-02 7.456249819307589344e-02 7.401589068163894058e-02 6.734063862078994156e-02 7.570244281740554082e-02
1.087318598028843286e-01 9.795105782565365071e-02 5.457949352021594647e-02 5.708679482571479835e-02 5.857606750419403624e-02 5.954621201986697032e-02 6.058251539407008557e-02 6.272303518933848576e-02 6.395677375739021453e-02 1.135617713936302592e-01 1.163154215741152298e-01 1.192030838600804388e-01 1.197690277637850770e-01 1.196584884694041062e-01 1.160433200654515107e-01 1.140263980557430223e-01 1.116238935689852496e-01 1.111597845722657046e-01 6.506176103466877747e-02 6.776338163431773476e-02 1.021937205050849062e-01 1.273376810403882287e-01 1.229003993745146905e-01 6.083289161414398571e-02 7.055505404321575635e-02 6.738747577012063616e-02 5.817018256926238112e-02 5.834811675027187783e-02 1.048554551604475998e-01 1.071740489890660869e-01 6.655071780923664526e-02 6.926833338682635011e-02 6.966122863079733663e-02 7.235058557711115945e-02 6.785560351771610654e-02 7.014417636600404904e-02 7.173526654461907792e-02
1.071648938999044953e-01 1.024152621002783897e-01 9.858898696422617458e-02 1.066082938088040305e-01 6.352096576570991082e-02 6.489237395835011080e-02 6.577022278765237706e-02 6.721976541075028178e-02 6.685274365696616816e-02 1.171776963569144125e-01 1.166324011993586374e-01 1.151050427103252199e-01 1.125313411280566556e-01 1.075595735169312950e-01 9.896064668842698142e-02 8.728584768161724849e-02 1.021609819595358376e-01 1.104350720743730446e-01 1.191654115952377052e-01 6.894086611666740139e-02 1.076956647626202551e-01 6.861244561721166479e-02 6.842464209297860478e-02 6.803380049365202742e-02 6.473763714214388065e-02 5.608349156497111077e-02 4.713805891961518613e-02 4.211680247207997413e-02 5.259859150989718707e-02 5.740931964173416613e-02 5.927247241108635906e-02 6.206307234513665227e-02 6.026748734797229140e-02 6.204603408675331278e-02 6.145465680452934232e-02 1.139085966075662343e-01 1.138037470677991381e-01
1.066317773669454988e-01 1.037978443003134410e-01 1.085179109443730611e-01 1.109375313834806143e-01 6.530280391689051445e-02 6.670985112577661191e-02 6.744015235009988285e-02 4.783007483794381176e-02 6.732963914898516811e-02 1.139860775325295117e-01 1.074965493869517036e-01 1.020209387213410895e-01 9.286631663525612979e-02 8.373382232857970453e-02 8.233915501244890023e-02 8.804812004940598680e-02 1.006525948002372217e-01 1.172887461641418105e-01 1.229735721494740752e-01 7.021682721605376765e-02 6.873808765356133332e-02 6.586002140571212138e-02 6.179300216595746270e-02 1.061090591446611359e-01 5.662376699116240808e-02 4.387349941701448180e-02 4.513562432619754039e-02 9.784559678483809031e-02 4.000000000000000083e-02 5.987769399231825801e-02 8.654519343700556311e-02 5.180462604910825164e-02 9.063819491373829862e-02 5.161629811836645348e-02 9.324653579323037567e-02 9.380717701689726684e-02 9.306203321779868420e-02
1.108565084894039127e-01 1.111597845722657046e-01 1.146783514513743385e-01 1.157461959385157335e-01 6.516561138443204004e-02 6.577888394441576414e-02 6.563261366626023385e-02 7.121789282362160634e-02 1.104153652483532977e-01 1.028977281937013544e-01 8.959296664712802782e-02 7.673983079708371347e-02 7.357658168959921308e-02 5.465766248301908575e-02 7.394410599577849741e-02 1.006776358782241615e-01 1.110374372625881623e-01 1.216741385953886562e-01 7.019432061369454412e-02 4.848256071367676445e-02 6.599869209209613397e-02 6.234845036947229274e-02 5.670407968395934500e-02 4.837850036244242119e-02 4.242801500246898283e-02 4.548511075939298126e-02 5.305979020507271826e-02 5.849227385302778470e-02 6.059818396440811578e-02 5.789806942041998694e-02 5.464971514371127354e-02 9.213047415413069818e-02 9.071209493051744788e-02 8.978253666397939536e-02 8.432083991798210165e-02 7.200993973383237878e-02 6.676914576184289629e-02
