lwc_30cms_1m_n.asc
ncols         118
nrows         96
xllcorner     539496
yllcorner     4190968
cellsize      1
NODATA_value  -9999
[rows 17 to 33 of 96, columns 37 to 73 of 118]
4.714230876557291144e-02 6.156957537797678320e-02 6.379424472303993343e-02 5.036356276706366319e-02 4.489902971280398947e-02 7.107434955468147630e-02 7.077507362717319617e-02 6.648326564362677660e-02 6.641833796013660307e-02 6.162066753527702806e-02 5.120625255545830506e-02 4.000000000000000083e-02 4.000000000000000083e-02 6.429863863833644444e-02 7.760042478626215379e-02 8.447498457498463231e-02 7.941162700108060635e-02 7.200993973383237878e-02 7.860453332613551169e-02 8.625993182793102731e-02 8.175081840115577814e-02 7.233053853939112876e-02 7.130088804771804456e-02 7.483044127552687663e-02 4.548072834181990376e-02 4.539484619739404120e-02 9.045745862836572504e-02 9.784559678483809031e-02 1.034676043476278479e-01 9.586206029885149804e-02 5.849538804306301382e-02 5.723704925333691212e-02 5.544283440008705016e-02 9.781671246848143431e-02 9.924496484165641619e-02 1.002859505220206893e-01 1.000291313896057993e-01
7.288528341340756722e-02 8.007190952812723306e-02 8.220869131651549477e-02 8.074756664536202055e-02 4.000000000000000083e-02 6.904367726058331656e-02 6.695318026402899414e-02 6.054804852082261435e-02 6.764225409772316178e-02 6.239701460000688510e-02 5.141008242258501143e-02 6.739785747793394788e-02 7.673739905087371971e-02 8.124871088433179012e-02 8.548387952139746560e-02 8.768985711945448402e-02 8.383569921907223221e-02 8.320517940411560620e-02 9.048948464772969824e-02 9.455812341448752156e-02 9.301562051980472035e-02 8.810915869302750336e-02 8.755202824409785700e-02 8.836323863054153238e-02 4.911440490779507562e-02 5.180661209548890339e-02 5.515833169452978579e-02 5.751823104168665712e-02 5.801871570039707215e-02 1.025183823198977801e-01 1.008085932185083522e-01 9.963101953327566096e-02 9.555853409373657459e-02 9.519779708335135426e-02 9.451527292277400738e-02 9.376258122946337648e-02 9.258309358004263023e-02
9.416018188681229972e-02 9.756945722492915696e-02 6.104396917712701792e-02 5.388405573989922537e-02 8.684608785280573118e-02 7.706701478272698358e-02 6.531185401248455757e-02 5.827805839766796864e-02 6.272784540718683022e-02 6.872237798743462134e-02 6.652803055454117875e-02 7.322732918640735555e-02 8.561099391606853681e-02 4.909946970385520304e-02 8.595922102399061737e-02 8.700256877076271989e-02 8.928769916666902395e-02 9.309908022266503991e-02 9.527214145379714338e-02 9.515636888818247707e-02 9.137417848960152633e-02 9.031802006568934171e-02 9.208166326692572567e-02 8.853061764215555685e-02 8.510545837878867592e-02 8.692450437133805718e-02 9.589663574598722429e-02 5.707623785844334607e-02 5.655394472767197311e-02 9.579262168360166974e-02 8.988209259648607952e-02 9.213047415413069818e-02 9.386055241693774809e-02 9.717019917115250760e-02 9.795353494687424056e-02 9.514807241745591726e-02 8.889571042538882417e-02
1.010863855106925724e-01 1.007338647123194875e-01 5.719183136294700431e-02 5.594037430913911119e-02 5.349204144597985433e-02 8.878897452071442264e-02 8.582077703640758615e-02 8.365503161902684837e-02 8.383569921907223221e-02 8.119011885536524253e-02 7.653174320815059328e-02 7.932326939307501878e-02 8.416680546661874096e-02 4.646678660979332298e-02 8.034094969442688583e-02 8.883733003379010174e-02 9.338372444124412586e-02 9.496462834512744977e-02 1.006963962706724086e-01 9.746672902909601921e-02 9.221800927680530446e-02 9.261161140514553858e-02 8.912733488703748763e-02 4.055087687529011081e-02 7.554671249084862761e-02 8.112394911110286377e-02 9.308982538068420742e-02 9.667846775560946793e-02 9.389605188424861304e-02 9.199347628235955698e-02 8.709320347693152997e-02 9.508989560535026364e-02 9.763521230957365737e-02 9.838646414879492763e-02 9.961783123165073028e-02 9.793199485918567537e-02 9.531331887236962896e-02
5.656499797716439681e-02 9.788884348208598540e-02 5.374229003345754735e-02 5.354062211083455286e-02 5.435709052883408443e-02 5.576380828390733319e-02 9.428218549599146070e-02 9.261161140514553858e-02 9.099435314072561176e-02 8.383101081485649919e-02 7.334670502843795847e-02 6.770608061355767870e-02 4.457914591603437393e-02 4.908451175016234624e-02 5.162793258377077615e-02 5.421688147210869391e-02 9.801085967709571856e-02 9.816764401456004596e-02 9.720005636148126849e-02 9.717019917115250760e-02 9.321897659135258696e-02 4.934304708315508797e-02 4.594539942883448663e-02 6.042817376053334633e-02 6.899409465293414312e-02 8.771480090492209114e-02 9.548529968485468256e-02 9.686907451940474090e-02 9.059583069187329696e-02 9.212072231743687056e-02 9.806801725509238510e-02 1.021202351314915435e-01 1.040752702980825006e-01 9.784559678483809031e-02 9.442065845834266002e-02 9.937225841670783988e-02 9.929195744882497732e-02
5.404250112859828453e-02 5.509550159935271141e-02 5.099241380993332212e-02 8.431020954928378219e-02 4.783220736201800050e-02 4.949497620815144355e-02 9.041466888490357068e-02 5.107864399987920023e-02 8.853061764215555685e-02 4.575384967751970622e-02 7.132895375142311867e-02 7.888876634195150783e-02 4.903197865165746100e-02 9.666313778259019718e-02 1.009448803730372130e-01 6.001268906710554435e-02 6.250142226193319828e-02 8.295386277712445133e-02 5.871413666497823924e-02 5.311542186523923736e-02 8.806034471098175831e-02 8.650212718338595730e-02 8.533008398206795575e-02 9.572027974697173980e-02 9.791762162941941572e-02 9.808228065750752844e-02 9.893335472244672857e-02 7.089649693177681178e-02 1.043228782230764540e-01 1.068419744587919135e-01 1.094027043080137429e-01 1.110565984986588428e-01 1.119979048080390338e-01 1.042914319816675428e-01 9.520607191486780974e-02 1.039903020582972071e-01 1.046089499653072852e-01
9.351991272082296747e-02 1.026720968532369160e-01 9.155614045637223974e-02 5.012099293457723120e-02 4.443998089754166991e-02 4.216494164554342866e-02 4.666161770389992691e-02 5.458829595512611210e-02 5.615246111462537937e-02 5.546723170072784953e-02 5.581510361707292533e-02 5.549967819797455015e-02 5.845171374491296007e-02 6.225986250884956580e-02 1.029702460385098911e-01 6.502145578460760689e-02 9.434774271264520507e-02 6.921071072212066355e-02 6.230082748818792371e-02 5.881482771827595268e-02 1.038354065402170290e-01 1.028077725974479717e-01 5.918469978885935318e-02 6.313361981914060450e-02 1.185820149320148398e-01 1.195633324381802226e-01 8.588549802621500695e-02 1.224643970607983273e-01 1.192996829784665064e-01 1.200976194058785140e-01 1.223985281067124925e-01 1.223041210565223996e-01 1.195739240433691120e-01 1.151146488063025664e-01 1.122643927041512835e-01 1.149411225169079953e-01 1.143265525687429257e-01
9.838646414879492763e-02 6.202746715317229709e-02 6.239363702395267497e-02 5.989983811875081859e-02 5.807050090664738623e-02 5.382757332007243739e-02 1.037440657781701636e-01 1.122861556982402698e-01 6.459620633138066226e-02 9.127290351605044094e-02 8.185898714267057785e-02 1.179584152317004475e-01 1.175919453353365951e-01 9.601250378530074014e-02 1.266520112073555027e-01 1.282303401733453363e-01 7.376416037528844838e-02 7.342835459191143777e-02 5.589583976696804735e-02 6.884605618671914284e-02 1.195262248293998825e-01 1.191438578221485078e-01 1.207037723477598218e-01 7.111583401921862946e-02 1.290025612834679314e-01 1.311997591719356593e-01 1.322027014340518836e-01 1.338642411906554031e-01 1.313559815342566772e-01 7.191470103321330465e-02 4.495032015206148340e-02 1.193542408853220660e-01 1.302749259411594418e-01 1.285641350657217297e-01 7.180246602945672407e-02 7.227509094966726166e-02 9.007941332288195435e-02
1.063053953058451101e-01 6.622159959175635824e-02 6.971572150338864460e-02 7.034492617805516990e-02 6.905541393185772592e-02 8.870164229936799982e-02 1.244928905676857128e-01 1.288936521829439352e-01 7.395817838379679932e-02 7.480116405450308592e-02 7.619171963074278242e-02 7.654494911173165272e-02 1.344007963058420074e-01 1.349991080639889318e-01 1.368941313571707952e-01 7.703217243075340115e-02 7.699281203470588475e-02 7.605009254949837705e-02 7.579649947499265961e-02 7.451616012694450841e-02 5.491367565550289709e-02 7.403507821376791032e-02 7.354775121041487451e-02 7.486477448423385639e-02 7.628302415814243453e-02 7.692962535982361683e-02 7.784386283204181023e-02 7.847263933580320150e-02 7.872853630071018072e-02 7.840800834500868954e-02 7.837919774819539220e-02 7.819792104251654941e-02 7.799236471743167809e-02 7.776907748043605795e-02 5.420240516535358016e-02 7.728946146109820503e-02 7.710276875980237588e-02
6.586346299753560729e-02 7.106886181014367143e-02 1.085110607683377748e-01 7.548647818469023107e-02 7.550386938152689464e-02 6.109112603357595012e-02 7.725850231924441536e-02 7.775407717453963752e-02 7.822706675728385850e-02 7.860110850731504006e-02 7.895256018240914830e-02 7.950582951485167527e-02 7.758052486334089670e-02 7.794796253213803761e-02 7.841520273049937262e-02 7.897340024476218190e-02 7.714184972007463725e-02 7.483754596873160025e-02 7.506295264044995919e-02 7.526737928274540579e-02 7.590691020802606270e-02 7.472813366922727296e-02 5.730323056976862478e-02 7.499119054404648765e-02 7.688206448739832999e-02 7.725850231924441536e-02 7.753492944574179313e-02 7.787367665667979666e-02 1.188399951034015967e-01 7.925549543949736431e-02 7.976549736750694619e-02 7.942507169982977733e-02 7.904957946685745029e-02 7.965282889908471831e-02 7.963286327845618684e-02 7.953935790465710420e-02 7.877781428914350237e-02
5.136746174671436710e-02 7.401589068163894058e-02 7.637356817883007853e-02 7.740500932314260674e-02 7.747392624394004723e-02 7.771651297814438641e-02 7.821978541798714490e-02 7.850843075515920311e-02 7.811748906466983722e-02 7.799236471743167809e-02 7.786622855006274102e-02 8.630758308942351742e-02 6.677074225316086131e-02 1.177526250560777255e-01 7.615035685779676655e-02 1.030089591399063753e-01 1.252180649287091552e-01 6.103392370286193913e-02 1.034720661609354053e-01 7.129061181550781778e-02 7.304372311548761043e-02 7.142890743826679767e-02 7.083283762532847916e-02 7.092700614450948848e-02 7.226427375357774574e-02 7.402548755610385833e-02 7.671887911460642528e-02 7.034368809249628984e-02 1.260288082404643351e-01 1.343417060125485230e-01 1.373082646753486513e-01 7.825615827766541077e-02 7.872853630071018072e-02 7.899421284622229478e-02 7.845112524216603378e-02 1.373877025687128550e-01 1.362953561460777951e-01
7.528502490256655522e-02 7.616700356617374379e-02 7.621683483776199586e-02 7.603331740814112116e-02 7.612535262834077554e-02 7.665814612429881769e-02 7.664202623027882577e-02 7.707927255695400104e-02 7.618363210326647983e-02 4.846508616984000067e-02 7.425396762161043385e-02 7.254292605109664838e-02 7.083044547261707624e-02 6.905677188700269642e-02 6.616790539290155759e-02 6.494600641891441761e-02 6.460189336820697237e-02 6.220961047895445101e-02 1.084662480152140673e-01 1.089226303190134748e-01 1.074559361028452620e-01 9.442927938148842903e-02 5.475192406199375084e-02 1.057010418374001587e-01 6.325212618799570807e-02 1.140431772551274425e-01 1.127170496707986108e-01 1.145769831503754138e-01 1.155176779074270910e-01 1.234340551341478187e-01 4.549444888442394364e-02 7.445104380672111499e-02 7.438564147501892931e-02 4.344375698681571252e-02 1.237749788042067228e-01 1.257422352416366906e-01 1.256390915437348987e-01
7.570244281740554082e-02 7.458099317300195819e-02 7.350805999956638859e-02 7.263814804676853309e-02 7.304372311548761043e-02 7.343834144788605189e-02 7.242568837089632949e-02 7.192485447194779669e-02 7.095904747642946264e-02 6.983434805691034197e-02 8.603087540715832759e-02 6.685434054081210165e-02 6.481057490675395938e-02 6.178353052181265875e-02 5.463220201071480181e-02 8.693753946319862647e-02 5.042643930566167998e-02 9.033954229493332266e-02 8.886070520757526070e-02 8.089207341815056462e-02 4.213287943523152945e-02 5.765417351894192716e-02 6.210629458584642631e-02 8.427980008434392267e-02 9.224709555216571710e-02 1.019740432942631836e-01 1.072380253777927700e-01 1.126814551773322043e-01 6.506541896408910008e-02 6.666295826369211808e-02 1.169865140015323851e-01 6.719955010380709859e-02 1.179640818142684011e-01 1.078940967591780764e-01 9.410765175159047091e-02 9.699762396865868608e-02 9.931876052037279246e-02
7.183594819852033575e-02 7.090798448281979138e-02 6.965212573217775816e-02 6.888323346044378237e-02 6.796486073826180085e-02 6.769455117656796028e-02 6.713715771799205756e-02 6.315604821296645632e-02 6.403227679494773172e-02 6.167647096181522876e-02 6.115419629074809321e-02 6.106913085622574927e-02 1.064431803539813010e-01 1.008210210799010687e-01 9.205231452093232125e-02 8.172598791137158925e-02 7.235013765984277256e-02 8.575113413943628859e-02 8.655549067701387433e-02 7.495130481155259927e-02 8.861371732908635002e-02 8.540288224096176384e-02 8.658211085679312635e-02 8.984896853965643193e-02 9.320058113260958066e-02 1.016546444108768488e-01 1.083105166431705124e-01 9.438077390324542404e-02 1.084446854323623810e-01 1.041546142385098156e-01 9.740040248216229324e-02 9.706533619329210660e-02 1.048350234638822237e-01 9.423870339296187837e-02 7.319964223963384975e-02 8.368343901947394858e-02 6.338978638316178360e-02
1.161660072760985624e-01 1.157461959385157335e-01 6.535835267570734575e-02 6.462272444805866600e-02 6.363592207491684805e-02 6.311447003800822741e-02 6.084105310218817370e-02 9.269084016227908951e-02 1.076940067918628757e-01 1.039530190350513583e-01 1.037245949726355032e-01 6.215685634333580761e-02 1.109298276556278523e-01 1.063910220447809030e-01 1.059932823549235431e-01 5.976076038239357818e-02 9.435154899371521464e-02 9.748143765891609247e-02 9.404618071325558659e-02 5.832286327758805233e-02 1.049420685218186572e-01 9.919786071510450221e-02 9.825263783148897867e-02 9.197382165389432485e-02 9.137417848960152633e-02 9.312681718209343817e-02 9.584069831699773556e-02 9.513977232808275286e-02 8.765237479252185882e-02 8.231862411357206144e-02 8.403761531423377396e-02 8.731137359752623450e-02 9.489747984459541430e-02 8.955930404951614743e-02 7.676898174222658577e-02 8.121577887737742307e-02 8.178445672270079347e-02
9.762061919714981606e-02 1.038942960013384403e-01 1.056715945422982555e-01 5.366573241486453927e-02 5.761940738235608178e-02 5.851716419546981046e-02 1.045468674386249991e-01 6.060079342438409733e-02 6.099610394302128896e-02 4.022812274685993311e-02 6.184968013314225133e-02 6.302686249425325238e-02 6.350239328436697861e-02 6.410536764132383769e-02 6.415844242737579750e-02 6.383060706646197235e-02 6.101881426083721055e-02 5.647626793127788480e-02 5.458389562487019758e-02 5.715692633181131133e-02 1.024611573824087962e-01 9.435154899371521464e-02 8.942401719067072374e-02 8.011706419404696078e-02 6.951004495520048121e-02 8.108153229039438692e-02 9.224709555216571710e-02 6.717735851487660614e-02 7.204665653627807809e-02 8.465454902743980992e-02 8.804812004940598680e-02 9.162641778343270926e-02 9.361915756353765550e-02 8.583467176377700125e-02 4.108530380073635579e-02 4.691553765496786488e-02 7.847460744148632150e-02
6.342766499229259003e-02 7.415338664994829132e-02 8.416220857395652344e-02 8.131619561038655464e-02 8.432842893794538497e-02 5.222658698317107773e-02 5.418953371840554839e-02 9.892652584540807814e-02 1.011598228816049383e-01 1.019270397881557183e-01 1.030375014578311099e-01 5.990260325843881073e-02 6.094041116231383587e-02 6.139857266440066491e-02 6.158052057806851637e-02 6.159736591455865218e-02 1.031597225355900399e-01 9.408133160805112749e-02 4.797423665112431762e-02 9.184555190448585871e-02 4.851434203261913158e-02 4.749147337494529636e-02 5.159882179692421023e-02 5.161629811836645348e-02 5.076726891114038964e-02 5.231403279927808458e-02 5.249746486951852031e-02 9.211096531639553775e-02 9.264956700218091035e-02 9.484696211326602844e-02 9.830909680717056509e-02 8.404070283248955830e-02 7.612207422525216205e-02 7.036092660986548175e-02 5.161878285351759882e-02 6.634805908706810362e-02 5.842156760192333820e-02
