lwc_50cms_1m_n.asc
ncols         118
nrows         96
xllcorner     539496
yllcorner     4190968
cellsize      1
NODATA_value  -9999
[rows 17 to 33 of 96, columns 74 to 110 of 118]
6.541722698108820566e-02 6.577195547526966390e-02 6.573899531307339505e-02 4.112961421328889533e-02 7.571995650365855035e-02 1.136438544759412195e-01 1.113533948425880771e-01 1.062242077321903927e-01 1.088972906313282890e-01 1.077520015836920531e-01 1.100255140421753097e-01 1.074920405871723772e-01 9.699008578131247671e-02 8.827895106323296881e-02 9.734865859123860432e-02 1.090908128051438358e-01 1.118726970793656877e-01 1.092992342890367341e-01 1.169184890618597261e-01 1.267313175041635820e-01 4.716050306432088141e-02 7.487383966286020875e-02 7.271178044984723254e-02 7.263814804676853309e-02 7.401589068163894058e-02 7.565949590987726403e-02 7.563366914024834131e-02 7.437627477541364218e-02 7.246843004213773809e-02 7.057577381001559069e-02 7.059524702226066539e-02 7.135992713712954738e-02 7.138295761923786620e-02 7.140595100922593474e-02 7.050985262467482362e-02 6.964822266830338060e-02 6.946748812504445481e-02
6.361137590338523939e-02 6.314424604993777723e-02 6.209695039955442919e-02 1.121589064250177598e-01 1.101415983112251640e-01 1.084963996704850914e-01 1.087998810627389679e-01 1.015470540315698139e-01 5.482332162757466015e-02 9.843553998509405045e-02 1.039743318042524733e-01 1.065424018933556483e-01 1.045727575567836354e-01 1.040381393807971039e-01 1.131503312366121117e-01 1.226958812763870310e-01 1.238594806203137388e-01 1.218434101685571397e-01 1.249687371516336604e-01 1.302231370379587916e-01 7.605009254949837705e-02 7.595759936255158662e-02 7.416869957945924907e-02 7.325752985625400004e-02 7.394853774219484199e-02 7.526737928274540579e-02 7.546906693110948250e-02 7.381290434825567293e-02 9.982078372471021865e-02 6.825007516608029567e-02 6.904046760578068376e-02 6.998376931063314543e-02 4.418461681311908196e-02 5.723944615406319908e-02 6.889972454135694091e-02 6.856467996988670210e-02 6.842179823510209646e-02
1.088972906313282890e-01 5.986383309198448771e-02 5.902207244284288223e-02 1.079603830622442862e-01 1.092743284554162086e-01 1.115415887275462148e-01 1.104074775913263390e-01 1.034184315923688396e-01 9.176616923196542763e-02 1.028415520635113656e-01 1.112016863983183168e-01 1.207466713157367144e-01 1.207844601636708509e-01 1.204651794756878697e-01 1.255770015110873883e-01 1.300497595772378279e-01 1.301885538049674662e-01 1.294870472942654394e-01 1.311733225428304006e-01 1.333627710608138450e-01 4.498481155738624782e-02 7.310900888255308927e-02 1.281742831627817325e-01 1.275302389258876901e-01 1.263724662949823052e-01 7.297175358768268061e-02 7.430112802488499091e-02 7.238282020729865096e-02 5.859645114157294860e-02 4.508491626912378147e-02 6.963978614126184463e-02 6.817064124750094045e-02 6.833763733278551411e-02 6.795456314284561983e-02 6.686870392023855358e-02 6.683836311288408882e-02 9.567799332415659330e-02
1.087488850698658666e-01 1.039849800028273819e-01 1.095508468794368223e-01 1.083424414699042382e-01 6.510194182613933400e-02 4.790622225560191988e-02 6.600209768525408527e-02 6.124115001837995842e-02 4.876680179027940293e-02 4.651145190453238876e-02 1.250746700150289492e-01 1.291830612098511244e-01 1.304639430192718885e-01 1.311899805311106115e-01 1.331471465034771429e-01 1.343121120649708178e-01 1.340592376495841898e-01 1.340143642499301846e-01 1.343121120649708178e-01 7.634070517993531146e-02 1.338190396759785517e-01 7.315610670840516638e-02 1.248602210895309594e-01 9.221103821821705071e-02 8.705557909951749940e-02 6.995197554026977294e-02 7.013035522322405568e-02 6.942920708371602689e-02 6.658660742888097839e-02 6.421911065681461250e-02 6.423277035489302622e-02 6.433959438297981448e-02 6.525422949777807957e-02 6.540476061921858542e-02 4.825541260200166827e-02 6.337370573443988631e-02 1.096898455088371749e-01
1.120858671926665134e-01 1.162910928904889035e-01 1.180460947167254193e-01 6.869772834989780474e-02 6.926609256907535761e-02 7.146327306523359013e-02 7.165646722974605698e-02 7.145182703681800251e-02 1.209009504855222544e-01 7.498381634364349735e-02 1.166398227482597777e-01 7.528502490256655522e-02 1.342082756936582855e-01 7.704003245572862979e-02 7.816872091075742490e-02 7.827068378414164807e-02 5.196952093096823128e-02 1.351286868232145777e-01 7.604170729173925780e-02 7.587302317483783642e-02 7.594916290982813012e-02 7.301292245725245211e-02 1.221237373534981574e-01 1.187744259733797825e-01 1.068531735314004472e-01 6.637642460611660467e-02 6.615949596411638267e-02 5.812483666923971143e-02 6.325844350415332773e-02 6.251036253170742796e-02 6.194590837619449314e-02 5.957750499264470589e-02 5.956897869446196869e-02 5.428433822730390629e-02 4.234255814077675373e-02 8.206252618576828639e-02 1.001000855769007547e-01
1.165061264176470157e-01 1.187579945653969571e-01 8.199740040040058575e-02 5.424300954090785498e-02 1.169306712391385977e-01 9.702649731559566393e-02 7.099942288068215868e-02 7.685027531938820600e-02 5.693336989763222306e-02 1.365282596763816858e-01 7.791829066480569776e-02 1.339844068600153371e-01 1.344155486027552582e-01 7.671443267869679228e-02 7.727398964236227574e-02 7.729719156698568183e-02 7.674650394616182314e-02 7.532904870232423611e-02 7.434813923320664208e-02 7.432935258681859503e-02 7.365635318430768796e-02 7.179128793790144625e-02 6.633664246996481828e-02 6.273840229723214035e-02 5.163590420858916313e-02 6.103896579111074000e-02 6.203907474220015511e-02 6.293432251369941721e-02 6.192719076783234633e-02 1.066505456124794277e-01 5.908146888713547429e-02 5.447330656172404834e-02 5.370416811898128667e-02 5.434809919728713495e-02 5.287565489952309600e-02 9.135384826562018001e-02 9.196398645903558489e-02
1.227980661206691942e-01 1.231204013969471739e-01 1.248004425427771541e-01 4.905404902044176868e-02 8.820489311293040757e-02 1.373215202884593977e-01 7.810632516706332573e-02 6.543217924586805512e-02 7.832141719380501799e-02 9.766976302745206118e-02 1.364736374225598015e-01 1.332859623871268939e-01 1.321545839627057406e-01 7.569386317829931987e-02 7.478293986714622255e-02 7.510763035616824235e-02 7.573671284368702072e-02 7.343834144788605189e-02 7.089965447667141707e-02 6.962869092634589585e-02 6.877278530972782966e-02 6.578580876661500876e-02 6.219587008815784246e-02 5.990260325843881073e-02 1.042599382598724117e-01 9.295463740036050138e-02 7.840788949971917721e-02 6.082569501449132388e-02 6.089210720809074689e-02 1.045831046364395778e-01 9.867910191956284771e-02 9.170640610413181848e-02 5.013446813379750233e-02 5.073560068922904759e-02 9.066990323182877454e-02 8.987105802567421642e-02 8.662196455729929967e-02
1.305152562943446559e-01 1.351286868232145777e-01 1.147951605709778833e-01 7.743567693199950031e-02 8.072047892865877317e-02 8.102865600745468022e-02 8.034272671990577708e-02 5.444618734022114992e-02 7.622512423223339051e-02 5.089782258727661157e-02 7.235082866081983533e-02 1.303953679610971861e-01 1.303093947736868596e-01 1.305494091878046381e-01 7.221006597291725060e-02 7.089251057455280003e-02 1.221427879339552908e-01 1.163791635918866585e-01 6.226442083249287412e-02 6.047753697365856190e-02 6.161658956546296056e-02 6.042735133343869747e-02 5.797972457663789353e-02 5.833865310235563512e-02 5.897134942417199543e-02 1.011231375283169753e-01 9.989947536643549453e-02 6.197312257758660903e-02 1.066129925898787051e-01 9.992547393380002418e-02 9.378043227013754812e-02 8.674097867384694682e-02 4.830661565474191760e-02 4.937943313529920275e-02 8.654216522144293766e-02 8.289066524036767247e-02 7.846590737383057901e-02
7.973905867909752976e-02 1.421732184608896499e-01 1.424062092880804542e-01 1.432874733623894503e-01 8.137895172733945748e-02 1.437445103310810157e-01 1.408738906447707384e-01 1.342231340695776154e-01 1.297347365947330855e-01 7.354775121041487451e-02 7.395817838379679932e-02 7.223177349884635223e-02 1.240936846148815442e-01 6.902686598332512247e-02 1.090908128051438358e-01 1.020852444615905213e-01 9.216942997746548072e-02 5.411626709973038629e-02 4.967285602351207557e-02 4.646087818728698166e-02 5.180089613433316864e-02 5.302932230886402837e-02 5.443321820702679698e-02 5.713242924326215194e-02 5.736821014976709737e-02 5.287344046984858437e-02 9.921133045046323651e-02 7.369791016134567829e-02 1.031375543317796933e-01 9.359214293929782325e-02 8.430717106978585784e-02 7.953003375215979276e-02 8.055412880456246094e-02 4.601802122252376254e-02 7.987608048688958629e-02 7.518206840894571530e-02 6.824556421874290735e-02
1.429425601134646784e-01 1.421397777361089743e-01 1.407804263411933932e-01 1.402488229719863477e-01 1.393767109143648486e-01 1.379762862099249698e-01 1.355137388865914339e-01 1.280617999936708162e-01 1.234137205911799429e-01 7.071514423203417721e-02 1.182540875269572633e-01 6.480311297855033403e-02 6.302471810343593384e-02 1.036252599803324237e-01 7.973012825205851029e-02 6.722457680072944919e-02 5.051224565398847177e-02 4.452607792323414609e-02 5.306260879639373290e-02 6.199373112383575052e-02 4.033006539961107861e-02 4.000000000000000083e-02 4.254814504134664388e-02 4.695486106228791839e-02 5.253483536802096981e-02 5.270924361753103610e-02 5.404712627321577034e-02 9.746672902909601921e-02 9.351991272082296747e-02 8.200056415172607416e-02 6.635309136437859967e-02 6.306315809632229152e-02 6.383093975109190021e-02 4.000000000000000083e-02 6.703947908828854219e-02 6.123595683631925801e-02 5.065295146802246962e-02
1.386032271182285058e-01 1.367185819368097466e-01 1.342231340695776154e-01 1.303438180787437339e-01 1.302576744106549445e-01 1.293801654909496057e-01 1.275494149648825348e-01 1.144290329837309578e-01 1.103640450369489517e-01 1.055039467138721154e-01 4.999889339367299262e-02 6.943406650221903287e-02 4.701261064515316335e-02 5.885099946854668168e-02 5.831650043746537670e-02 4.000000000000000083e-02 4.000000000000000083e-02 4.000000000000000083e-02 4.000000000000000083e-02 4.440696203335894876e-02 4.880140040812656205e-02 4.000000000000000083e-02 4.000000000000000083e-02 4.000000000000000083e-02 6.209227984956956076e-02 7.193958297728345053e-02 8.169400746745894559e-02 8.171000551242206533e-02 7.332535005028849306e-02 5.673886995744268497e-02 4.000000000000000083e-02 4.000000000000000083e-02 4.000000000000000083e-02 4.000000000000000083e-02 4.000000000000000083e-02 4.000000000000000083e-02 4.000000000000000083e-02
1.273183449702940950e-01 1.280617999936708162e-01 1.240165974453120712e-01 1.167311397296931647e-01 6.313787138455723147e-02 1.160310156095220174e-01 1.078675251261654033e-01 9.611087982495312987e-02 8.344202334408699906e-02 6.876032172852661328e-02 5.886931885098974082e-02 4.000000000000000083e-02 4.000000000000000083e-02 4.000000000000000083e-02 4.000000000000000083e-02 4.000000000000000083e-02 4.000000000000000083e-02 4.000000000000000083e-02 4.000000000000000083e-02 4.000000000000000083e-02 4.000000000000000083e-02 4.000000000000000083e-02 4.000000000000000083e-02 4.000000000000000083e-02 4.000000000000000083e-02 4.000000000000000083e-02 4.000000000000000083e-02 4.000000000000000083e-02 5.305491443680223490e-02 4.000000000000000083e-02 4.000000000000000083e-02 4.000000000000000083e-02 4.000000000000000083e-02 4.000000000000000083e-02 4.000000000000000083e-02 4.000000000000000083e-02 4.000000000000000083e-02
1.078231662092172666e-01 1.122171670546756317e-01 1.043595057044592600e-01 1.010372786585640170e-01 5.464971514371127354e-02 9.105648661757252682e-02 7.332229679924558152e-02 4.000000000000000083e-02 4.000000000000000083e-02 4.000000000000000083e-02 4.000000000000000083e-02 4.000000000000000083e-02 4.000000000000000083e-02 4.000000000000000083e-02 4.000000000000000083e-02 4.000000000000000083e-02 4.000000000000000083e-02 4.000000000000000083e-02 4.000000000000000083e-02 4.000000000000000083e-02 4.000000000000000083e-02 4.000000000000000083e-02 4.000000000000000083e-02 4.000000000000000083e-02 4.000000000000000083e-02 4.000000000000000083e-02 4.000000000000000083e-02 4.000000000000000083e-02 4.000000000000000083e-02 4.000000000000000083e-02 4.000000000000000083e-02 4.000000000000000083e-02 4.000000000000000083e-02 4.000000000000000083e-02 4.000000000000000083e-02 4.000000000000000083e-02 4.000000000000000083e-02
8.692450437133805718e-02 9.633836490992218893e-02 8.166374613017036987e-02 7.489374158409869975e-02 6.910129952255125718e-02 4.000000000000000083e-02 4.000000000000000083e-02 4.000000000000000083e-02 4.000000000000000083e-02 4.000000000000000083e-02 4.000000000000000083e-02 4.000000000000000083e-02 4.000000000000000083e-02 4.000000000000000083e-02 4.000000000000000083e-02 4.000000000000000083e-02 4.000000000000000083e-02 4.000000000000000083e-02 4.000000000000000083e-02 4.000000000000000083e-02 4.000000000000000083e-02 4.000000000000000083e-02 4.000000000000000083e-02 4.000000000000000083e-02 4.000000000000000083e-02 4.000000000000000083e-02 4.000000000000000083e-02 4.000000000000000083e-02 4.000000000000000083e-02 4.000000000000000083e-02 4.000000000000000083e-02 4.000000000000000083e-02 4.000000000000000083e-02 4.000000000000000083e-02 4.000000000000000083e-02 4.000000000000000083e-02 4.000000000000000083e-02
9.951863963606581709e-02 9.108747403202531456e-02 7.630828729884193973e-02 4.000000000000000083e-02 4.000000000000000083e-02 4.000000000000000083e-02 4.000000000000000083e-02 4.000000000000000083e-02 4.000000000000000083e-02 4.000000000000000083e-02 4.000000000000000083e-02 4.000000000000000083e-02 4.000000000000000083e-02 4.000000000000000083e-02 4.000000000000000083e-02 4.000000000000000083e-02 4.000000000000000083e-02 4.000000000000000083e-02 4.000000000000000083e-02 4.000000000000000083e-02 4.000000000000000083e-02 4.000000000000000083e-02 4.000000000000000083e-02 4.000000000000000083e-02 4.000000000000000083e-02 4.000000000000000083e-02 4.000000000000000083e-02 4.000000000000000083e-02 4.000000000000000083e-02 4.000000000000000083e-02 4.000000000000000083e-02 4.000000000000000083e-02 4.000000000000000083e-02 4.000000000000000083e-02 4.000000000000000083e-02 4.000000000000000083e-02 4.000000000000000083e-02
9.927183137821617154e-02 4.991665772226232256e-02 4.263335797206512651e-02 4.000000000000000083e-02 4.000000000000000083e-02 4.000000000000000083e-02 4.000000000000000083e-02 4.000000000000000083e-02 4.000000000000000083e-02 4.000000000000000083e-02 4.000000000000000083e-02 4.000000000000000083e-02 4.000000000000000083e-02 4.000000000000000083e-02 4.000000000000000083e-02 4.000000000000000083e-02 4.000000000000000083e-02 4.000000000000000083e-02 4.000000000000000083e-02 4.000000000000000083e-02 4.000000000000000083e-02 4.000000000000000083e-02 4.000000000000000083e-02 4.000000000000000083e-02 4.000000000000000083e-02 4.000000000000000083e-02 4.000000000000000083e-02 4.000000000000000083e-02 4.000000000000000083e-02 4.000000000000000083e-02 4.000000000000000083e-02 4.000000000000000083e-02 4.000000000000000083e-02 4.000000000000000083e-02 4.000000000000000083e-02 4.000000000000000083e-02 4.000000000000000083e-02
8.615118889453823869e-02 7.260254209263219960e-02 4.000000000000000083e-02 4.000000000000000083e-02 4.000000000000000083e-02 4.000000000000000083e-02 4.000000000000000083e-02 4.000000000000000083e-02 4.000000000000000083e-02 4.000000000000000083e-02 4.000000000000000083e-02 4.000000000000000083e-02 4.000000000000000083e-02 4.000000000000000083e-02 4.000000000000000083e-02 4.000000000000000083e-02 4.000000000000000083e-02 4.000000000000000083e-02 4.000000000000000083e-02 4.000000000000000083e-02 4.000000000000000083e-02 4.000000000000000083e-02 4.000000000000000083e-02 4.000000000000000083e-02 4.000000000000000083e-02 4.000000000000000083e-02 4.000000000000000083e-02 4.000000000000000083e-02 4.000000000000000083e-02 4.000000000000000083e-02 4.000000000000000083e-02 4.000000000000000083e-02 4.000000000000000083e-02 4.000000000000000083e-02 4.000000000000000083e-02 4.000000000000000083e-02 4.000000000000000083e-02
