lwc_10cms_1m_n.asc
ncols         118
nrows         96
xllcorner     539496
yllcorner     4190968
cellsize      1
NODATA_value  -9999
[rows 34 to 50 of 96, columns 0 to 36 of 118]
1.038193167573375764e-01 1.041070441642363148e-01 1.016784762384948804e-01 9.600802363119885496e-02 8.714478375087225670e-02 8.881392406671789752e-02 4.926252223522459284e-02 4.907702421830639067e-02 4.269971855634343422e-02 6.678376727834343940e-02 4.884339223868648661e-02 4.000000000000000083e-02 4.000000000000000083e-02 4.000000000000000083e-02 8.051018789287454902e-02 9.833726560956169982e-02 1.075145751366292923e-01 1.096081883787286687e-01 6.274278944475789044e-02 5.996877593598220341e-02 5.363712739021565812e-02 8.360441016235591050e-02 6.652306410822442229e-02 4.089099023468411448e-02 6.738854773814130505e-02 4.325382265933931658e-02 4.793724148698883664e-02 8.875527384082518290e-02 4.601698779476710160e-02 8.366292740226148605e-02 8.171000551242206533e-02 8.591780484512309690e-02 8.541284998111296767e-02 7.912421110405240543e-02 6.761480744055672898e-02 4.000000000000000083e-02 4.000000000000000083e-02
1.015290667738733832e-01 9.900831726583085579e-02 9.312681718209343817e-02 8.381537332500900439e-02 8.113315550171514012e-02 4.611260390566325473e-02 4.987528452890801350e-02 4.863264289188732464e-02 7.468633250291206727e-02 6.309555635300349852e-02 4.952671519882170803e-02 4.000000000000000083e-02 4.000000000000000083e-02 7.727038067214694883e-02 9.258309358004263023e-02 1.086379817714556995e-01 1.081098830638588526e-01 7.748214240957355947e-02 5.699142863751870125e-02 8.999206749532501215e-02 4.000000000000000083e-02 4.000000000000000083e-02 4.000000000000000083e-02 5.894231275386287161e-02 7.240227258846372582e-02 8.253631270374152396e-02 8.420659271354302700e-02 4.684017681486042639e-02 7.845502550219872473e-02 8.268767364553233912e-02 8.842319883768029465e-02 8.285921489337910728e-02 7.593355528732628756e-02 5.901485745910783204e-02 4.000000000000000083e-02 4.000000000000000083e-02 4.000000000000000083e-02
9.867910191956284771e-02 9.100472345887337944e-02 8.310263434627697399e-02 4.265603892815173631e-02 7.945255664158881737e-02 7.143357190468602180e-02 5.089296382443000283e-02 4.756095271828555265e-02 7.172642319099979680e-02 5.325468968846411300e-02 4.000000000000000083e-02 4.000000000000000083e-02 7.437682378415097495e-02 8.909278269709249021e-02 1.024496931965487717e-01 1.104901578381078664e-01 1.108874092653226590e-01 1.023750191994047265e-01 5.047211849292469743e-02 4.342674559238306198e-02 6.056394248609053149e-02 4.000000000000000083e-02 4.000000000000000083e-02 4.227620962849831104e-02 4.865613126473033317e-02 5.051110822356028041e-02 9.004680392532891930e-02 8.762734197925689528e-02 4.926986991595119075e-02 8.887238127480896754e-02 8.683298395335344033e-02 7.763258697256722463e-02 6.177987846270654310e-02 5.055544713803996476e-02 4.000000000000000083e-02 4.000000000000000083e-02 4.000000000000000083e-02
9.501483437512570074e-02 9.073315403886064723e-02 4.881128933891670796e-02 4.745875687324725006e-02 4.914420736995338962e-02 5.179517701780255584e-02 5.727397363538981601e-02 4.601492059106252613e-02 4.000000000000000083e-02 4.000000000000000083e-02 6.759647867342906402e-02 7.333450599127427916e-02 9.388718330768876241e-02 1.019975044835041422e-01 1.092077737866863213e-01 1.137290436340211430e-01 1.117096163345272924e-01 9.392997251916278267e-02 4.798346319272440985e-02 4.000000000000000083e-02 4.000000000000000083e-02 4.000000000000000083e-02 4.161958718424645792e-02 4.862480081390933850e-02 9.274411731168984152e-02 7.907031105676536054e-02 5.235748308001995921e-02 6.203643970423885351e-02 5.051759190376704789e-02 8.807256089321849335e-02 8.412999512223548471e-02 7.615495252494326739e-02 6.438080981370548905e-02 4.000000000000000083e-02 4.000000000000000083e-02 4.000000000000000083e-02 4.000000000000000083e-02
9.518951865392545619e-02 8.999206749532501215e-02 8.605547260303052226e-02 4.905452728761483527e-02 5.218809809669329447e-02 5.292198973808603935e-02 4.967285602351207557e-02 4.420434454277770431e-02 4.000000000000000083e-02 4.491202196026156113e-02 8.902347663718833404e-02 1.005709954586692240e-01 1.084187820038466643e-01 1.105137240474492050e-01 1.106584965958354455e-01 1.080352623623919428e-01 6.008370705832655201e-02 9.474552117345715063e-02 4.359764669016337468e-02 4.000000000000000083e-02 4.000000000000000083e-02 4.245434234591844574e-02 4.974312500887001498e-02 5.260918005498552846e-02 5.310532867237276883e-02 5.203829609177476612e-02 5.141054054984923322e-02 5.182944446280433187e-02 8.882316319837657570e-02 4.900183291988607914e-02 8.263737389316516690e-02 7.821148192595661630e-02 6.981378000299456876e-02 4.992264486389051681e-02 4.000000000000000083e-02 4.000000000000000083e-02 4.000000000000000083e-02
5.311542186523923736e-02 5.217707515765262344e-02 4.864830810612695566e-02 5.098003550611610035e-02 5.382285305221367472e-02 5.221560462722120433e-02 4.732944473043940864e-02 4.149051456596072190e-02 4.786112187500755205e-02 5.389813019894607038e-02 5.826901739593758067e-02 4.000000000000000083e-02 6.355597321791271737e-02 6.350652284990543350e-02 6.025675404558158976e-02 5.607195531103983943e-02 5.232491229171808145e-02 4.123512750467223098e-02 4.000000000000000083e-02 4.000000000000000083e-02 6.846670403844133668e-02 4.759157317791294639e-02 5.155207303553162312e-02 6.456238677560288686e-02 5.198226241872007380e-02 5.124895220763835829e-02 5.028814632660050243e-02 4.818998322895513831e-02 7.971405200693150450e-02 7.685127685598047709e-02 7.146846039876288137e-02 7.179782849754118290e-02 6.047626630757013677e-02 5.644229193559700125e-02 4.000000000000000083e-02 4.000000000000000083e-02 4.000000000000000083e-02
7.898179810598435213e-02 5.295276731408417314e-02 8.771471348634586607e-02 5.214946675626801892e-02 5.359380751178462882e-02 4.932115088815648696e-02 7.489923333425514695e-02 4.737065929306517181e-02 5.296300665916556238e-02 5.928121401954753594e-02 6.240941376968948962e-02 6.325844350415332773e-02 6.299465825813832520e-02 6.173606306873228450e-02 5.739905606347475014e-02 8.662196455729929967e-02 4.126904464434883596e-02 4.000000000000000083e-02 4.000000000000000083e-02 4.000000000000000083e-02 4.489800665843016875e-02 5.157547389981221447e-02 5.173205737934347820e-02 5.130309813365230287e-02 5.060150348304118945e-02 4.984760676567836363e-02 4.632493577626305842e-02 7.568544934955896697e-02 6.214824418206463252e-02 4.000000000000000083e-02 4.000000000000000083e-02 4.000000000000000083e-02 4.000000000000000083e-02 4.000000000000000083e-02 4.000000000000000083e-02 4.000000000000000083e-02 4.000000000000000083e-02
5.332024919363303334e-02 5.370894076233662801e-02 5.247068999079711193e-02 5.057575861318801963e-02 4.901691737316032221e-02 4.763079815725246302e-02 4.821047548903104052e-02 5.501116687043280939e-02 5.892941311543475197e-02 6.158052057806851637e-02 6.376199564229703687e-02 6.286935449653420493e-02 6.163098764920574291e-02 4.000000000000000083e-02 5.328555641997805709e-02 4.129217105647135094e-02 4.000000000000000083e-02 4.000000000000000083e-02 4.000000000000000083e-02 4.000000000000000083e-02 4.897916261522836795e-02 5.276674385962720065e-02 5.154621451232263563e-02 4.928454886207646324e-02 4.726457249160416485e-02 8.089767749688903109e-02 7.336193957288840439e-02 5.213207008588087443e-02 4.000000000000000083e-02 4.000000000000000083e-02 4.000000000000000083e-02 4.000000000000000083e-02 4.000000000000000083e-02 4.000000000000000083e-02 4.000000000000000083e-02 4.000000000000000083e-02 4.000000000000000083e-02
5.264615628780846407e-02 5.194285839608810823e-02 5.097384071448820414e-02 4.833494872124290131e-02 4.819244460156262011e-02 5.287565489952309600e-02 6.443880634867189816e-02 6.072797405626631506e-02 6.318454439230249131e-02 6.461515339457202245e-02 6.339246738301113071e-02 5.958886390805148009e-02 5.696301813405115627e-02 8.067050409501069774e-02 4.211197339404441908e-02 5.117126864206182624e-02 4.000000000000000083e-02 4.000000000000000083e-02 4.000000000000000083e-02 4.522624097830082318e-02 5.080514086286176678e-02 5.454862897191922744e-02 5.249211535441590526e-02 4.849845911980155133e-02 7.645018816188517419e-02 6.761022757749272916e-02 4.929602187506310074e-02 4.000000000000000083e-02 4.000000000000000083e-02 4.000000000000000083e-02 4.000000000000000083e-02 4.000000000000000083e-02 4.000000000000000083e-02 4.000000000000000083e-02 4.000000000000000083e-02 4.000000000000000083e-02 4.000000000000000083e-02
5.241693438102385666e-02 5.080514086286176678e-02 4.824154055756139231e-02 4.675275562588880607e-02 5.075461347598800993e-02 5.524155242119722919e-02 5.897433917548970672e-02 6.199490799760251636e-02 6.418000269740846420e-02 6.428337961735273998e-02 6.136185757935697094e-02 5.453095280676015927e-02 4.925516907074416195e-02 4.000000000000000083e-02 4.000000000000000083e-02 4.000000000000000083e-02 4.000000000000000083e-02 4.094382500929233393e-02 4.612793338898053819e-02 4.943737344777746068e-02 5.444659739537563437e-02 5.320082919326711568e-02 5.097384071448820414e-02 4.303557967894199032e-02 4.000000000000000083e-02 5.044115130112480222e-02 4.077124787906205583e-02 4.000000000000000083e-02 4.000000000000000083e-02 4.000000000000000083e-02 4.000000000000000083e-02 4.000000000000000083e-02 4.000000000000000083e-02 4.000000000000000083e-02 4.000000000000000083e-02 4.000000000000000083e-02 4.000000000000000083e-02
5.194849669841440643e-02 4.937216664479014000e-02 4.715270830884561726e-02 4.854603008120242369e-02 5.415296236309622563e-02 5.751823104168665712e-02 6.110422953250395361e-02 6.281277607834687138e-02 6.417804416881107976e-02 6.238686945096443698e-02 7.466679257053593366e-02 8.427827817020613899e-02 4.000000000000000083e-02 4.000000000000000083e-02 4.000000000000000083e-02 4.000000000000000083e-02 4.000000000000000083e-02 4.532265195967023763e-02 4.946621675146203878e-02 5.192027453215711935e-02 4.814882006700194061e-02 9.257357787045500386e-02 4.549605757618261498e-02 6.188726664701466734e-02 4.000000000000000083e-02 4.000000000000000083e-02 4.000000000000000083e-02 4.000000000000000083e-02 4.000000000000000083e-02 4.000000000000000083e-02 4.000000000000000083e-02 4.000000000000000083e-02 4.000000000000000083e-02 4.000000000000000083e-02 4.000000000000000083e-02 4.000000000000000083e-02 4.000000000000000083e-02
5.102329400634626755e-02 4.873401904226670051e-02 4.974312500887001498e-02 5.370894076233662801e-02 5.543876296000831150e-02 5.662742994472725472e-02 8.512206741518273112e-02 6.269664769772106960e-02 5.394303894484841350e-02 5.735790972503517632e-02 5.206062534473820946e-02 4.256495072218038217e-02 4.000000000000000083e-02 4.000000000000000083e-02 4.000000000000000083e-02 4.000000000000000083e-02 4.235010462628473193e-02 4.891083509954873010e-02 5.297834714276206114e-02 5.597923533937239349e-02 5.645769448248318112e-02 5.081143915123219335e-02 4.000000000000000083e-02 4.000000000000000083e-02 4.000000000000000083e-02 4.000000000000000083e-02 4.000000000000000083e-02 4.000000000000000083e-02 4.000000000000000083e-02 4.000000000000000083e-02 4.000000000000000083e-02 4.000000000000000083e-02 4.000000000000000083e-02 4.000000000000000083e-02 4.000000000000000083e-02 4.000000000000000083e-02 4.000000000000000083e-02
5.269350716214291075e-02 5.243309001329447133e-02 5.485342191297506997e-02 4.593470531667372125e-02 5.597535530221254413e-02 5.884509006616491650e-02 6.083849476678392793e-02 6.077178847009315904e-02 5.781583436895516154e-02 4.984067530359436587e-02 7.240227258846372582e-02 4.000000000000000083e-02 4.000000000000000083e-02 6.290647661831416659e-02 6.939391027397437406e-02 7.466403806950418220e-02 4.932115088815648696e-02 4.941420678296208624e-02 5.529943612819755716e-02 5.758578061571612700e-02 7.442906840784621614e-02 8.446445087732189216e-02 4.722532115285130172e-02 4.000000000000000083e-02 4.000000000000000083e-02 4.000000000000000083e-02 4.000000000000000083e-02 4.000000000000000083e-02 4.000000000000000083e-02 4.000000000000000083e-02 4.000000000000000083e-02 4.000000000000000083e-02 4.000000000000000083e-02 4.000000000000000083e-02 4.000000000000000083e-02 4.000000000000000083e-02 4.000000000000000083e-02
9.658630500620045412e-02 5.570432669090786409e-02 5.668951964015663675e-02 5.730626837688078401e-02 5.950054766848890397e-02 6.104148239487885291e-02 6.102133502239152907e-02 5.796343950573949744e-02 5.073560068922904759e-02 7.313483497122880150e-02 4.000000000000000083e-02 4.000000000000000083e-02 5.136855343331198087e-02 4.000000000000000083e-02 4.361522939427808082e-02 4.977109418000540825e-02 5.407022236101274859e-02 5.560849046207865659e-02 5.584262684643068880e-02 5.291171062852755708e-02 8.394627733753759480e-02 4.000000000000000083e-02 4.000000000000000083e-02 4.000000000000000083e-02 4.000000000000000083e-02 4.000000000000000083e-02 4.000000000000000083e-02 4.000000000000000083e-02 4.000000000000000083e-02 4.000000000000000083e-02 4.000000000000000083e-02 4.000000000000000083e-02 4.000000000000000083e-02 4.000000000000000083e-02 4.000000000000000083e-02 4.000000000000000083e-02 4.000000000000000083e-02
5.566449515011981375e-02 5.700914930687159266e-02 5.781583436895516154e-02 5.897433917548970672e-02 6.114671428194393132e-02 6.261271896016230853e-02 5.962853508465537633e-02 5.968516464599500637e-02 4.313183022916400322e-02 4.000000000000000083e-02 4.000000000000000083e-02 4.000000000000000083e-02 4.000000000000000083e-02 4.012562171303722669e-02 8.414380843834036450e-02 7.987333540058909331e-02 5.539796610184623965e-02 5.617916860483011809e-02 4.000000000000000083e-02 4.834141320582799328e-02 6.844087240951490791e-02 4.000000000000000083e-02 4.000000000000000083e-02 4.000000000000000083e-02 4.000000000000000083e-02 4.000000000000000083e-02 4.000000000000000083e-02 4.000000000000000083e-02 4.000000000000000083e-02 4.000000000000000083e-02 4.000000000000000083e-02 4.000000000000000083e-02 4.000000000000000083e-02 4.000000000000000083e-02 4.000000000000000083e-02 4.000000000000000083e-02 4.000000000000000083e-02
5.623997700474699796e-02 5.681629100997638571e-02 4.000000000000000083e-02 5.984995612625152589e-02 6.133731969548261026e-02 5.939715744761068367e-02 9.876880727361088408e-02 4.604897023181221682e-02 4.000000000000000083e-02 4.557855321734886195e-02 4.000000000000000083e-02 4.000000000000000083e-02 4.000000000000000083e-02 8.083592558228754055e-02 5.105408103836935052e-02 6.195328171612289603e-02 5.349690944823112110e-02 5.356483002964256696e-02 4.813979845409003394e-02 6.131834923794673986e-02 4.000000000000000083e-02 4.000000000000000083e-02 4.000000000000000083e-02 4.000000000000000083e-02 4.000000000000000083e-02 4.000000000000000083e-02 4.000000000000000083e-02 4.000000000000000083e-02 4.000000000000000083e-02 4.000000000000000083e-02 4.000000000000000083e-02 4.000000000000000083e-02 4.000000000000000083e-02 4.000000000000000083e-02 4.000000000000000083e-02 4.000000000000000083e-02 4.000000000000000083e-02
5.646512752801495505e-02 5.706214669735053951e-02 5.883299446548279771e-02 5.968066035163095695e-02 6.040085390514226410e-02 5.614099557752614406e-02 4.786451784638285495e-02 6.033141054828575905e-02 4.000000000000000083e-02 4.000000000000000083e-02 4.147315232979664062e-02 4.466713246762857303e-02 4.942292018487031563e-02 5.142833890834625638e-02 5.454421261520021186e-02 5.591309105591448642e-02 9.105648661757252682e-02 4.504638855518867946e-02 4.000000000000000083e-02 4.000000000000000083e-02 4.000000000000000083e-02 4.000000000000000083e-02 4.000000000000000083e-02 4.000000000000000083e-02 4.000000000000000083e-02 4.000000000000000083e-02 4.000000000000000083e-02 4.000000000000000083e-02 4.000000000000000083e-02 4.000000000000000083e-02 4.000000000000000083e-02 4.000000000000000083e-02 4.000000000000000083e-02 4.000000000000000083e-02 4.000000000000000083e-02 4.000000000000000083e-02 4.000000000000000083e-02
