lwc_10cms_1m_n.asc
ncols         118
nrows         96
xllcorner     539496
yllcorner     4190968
cellsize      1
NODATA_value  -9999
[rows 17 to 33 of 96, columns 0 to 36 of 118]
5.360344928790599511e-02 5.123083983058188129e-02 5.022829111425325399e-02 4.654911272510037917e-02 4.037192961620156978e-02 4.000000000000000083e-02 4.000000000000000083e-02 4.000000000000000083e-02 4.000000000000000083e-02 4.000000000000000083e-02 4.000000000000000083e-02 4.000000000000000083e-02 4.000000000000000083e-02 4.000000000000000083e-02 4.000000000000000083e-02 4.000000000000000083e-02 4.000000000000000083e-02 4.000000000000000083e-02 4.000000000000000083e-02 4.000000000000000083e-02 4.000000000000000083e-02 4.000000000000000083e-02 4.000000000000000083e-02 4.000000000000000083e-02 4.000000000000000083e-02 4.000000000000000083e-02 4.000000000000000083e-02 4.000000000000000083e-02 4.000000000000000083e-02 4.000000000000000083e-02 4.000000000000000083e-02 4.000000000000000083e-02 4.000000000000000083e-02 4.000000000000000083e-02 4.000000000000000083e-02 4.000000000000000083e-02 4.000000000000000083e-02
9.931206314272433833e-02 6.829196082553544433e-02 5.625207727347575348e-02 5.056322795957215316e-02 9.750347981882431792e-02 5.063359274857308356e-02 4.000000000000000083e-02 4.000000000000000083e-02 4.000000000000000083e-02 4.000000000000000083e-02 4.000000000000000083e-02 4.000000000000000083e-02 4.000000000000000083e-02 4.000000000000000083e-02 4.000000000000000083e-02 4.000000000000000083e-02 4.000000000000000083e-02 4.000000000000000083e-02 4.000000000000000083e-02 4.000000000000000083e-02 4.000000000000000083e-02 4.000000000000000083e-02 4.000000000000000083e-02 4.000000000000000083e-02 4.000000000000000083e-02 4.000000000000000083e-02 4.000000000000000083e-02 4.000000000000000083e-02 4.000000000000000083e-02 4.000000000000000083e-02 4.000000000000000083e-02 4.000000000000000083e-02 4.000000000000000083e-02 4.000000000000000083e-02 4.000000000000000083e-02 4.000000000000000083e-02 4.000000000000000083e-02
5.425323818798916814e-02 5.146384350646500405e-02 5.434360074094617826e-02 9.764250477802781381e-02 5.719531601379131830e-02 5.401006957084782817e-02 4.466233367798832371e-02 4.000000000000000083e-02 4.000000000000000083e-02 4.000000000000000083e-02 4.913917338710606375e-02 4.000000000000000083e-02 4.000000000000000083e-02 4.000000000000000083e-02 4.000000000000000083e-02 4.000000000000000083e-02 4.000000000000000083e-02 4.000000000000000083e-02 4.000000000000000083e-02 4.000000000000000083e-02 4.000000000000000083e-02 4.000000000000000083e-02 4.000000000000000083e-02 4.000000000000000083e-02 4.000000000000000083e-02 4.000000000000000083e-02 4.000000000000000083e-02 4.000000000000000083e-02 4.000000000000000083e-02 4.000000000000000083e-02 4.000000000000000083e-02 4.000000000000000083e-02 4.000000000000000083e-02 4.000000000000000083e-02 4.000000000000000083e-02 4.000000000000000083e-02 4.000000000000000083e-02
5.315569902991200413e-02 8.728584768161724849e-02 8.046228963184635929e-02 9.372853847219948797e-02 1.041757216712209944e-01 1.025355186994504342e-01 5.654656988936816037e-02 9.105648661757252682e-02 8.963775196676133927e-02 8.595922102399061737e-02 8.200579962276367818e-02 4.244196317902079740e-02 7.622804171639922799e-02 6.442753035700476971e-02 4.568973032254568245e-02 4.000000000000000083e-02 4.000000000000000083e-02 4.000000000000000083e-02 4.000000000000000083e-02 4.000000000000000083e-02 4.000000000000000083e-02 4.000000000000000083e-02 4.000000000000000083e-02 4.000000000000000083e-02 4.000000000000000083e-02 4.000000000000000083e-02 4.000000000000000083e-02 4.000000000000000083e-02 4.000000000000000083e-02 4.000000000000000083e-02 4.000000000000000083e-02 4.000000000000000083e-02 4.000000000000000083e-02 4.000000000000000083e-02 4.000000000000000083e-02 4.000000000000000083e-02 4.000000000000000083e-02
5.360826692602675692e-02 5.480608429462779235e-02 5.406560708863768910e-02 5.925205021973634772e-02 6.268343310064609930e-02 6.396673385554496605e-02 6.396474245620070720e-02 6.370521363067599419e-02 6.267241028622742849e-02 5.960871599773401308e-02 5.735447419388455675e-02 5.507447838990437577e-02 5.301914686455735243e-02 7.788525832946310845e-02 4.000000000000000083e-02 4.000000000000000083e-02 4.000000000000000083e-02 5.080129699207416166e-02 6.508666130967866170e-02 6.268780204939058964e-02 5.555645670598639146e-02 4.000000000000000083e-02 4.000000000000000083e-02 4.000000000000000083e-02 4.000000000000000083e-02 4.000000000000000083e-02 4.000000000000000083e-02 4.000000000000000083e-02 4.000000000000000083e-02 4.000000000000000083e-02 4.000000000000000083e-02 4.000000000000000083e-02 4.000000000000000083e-02 4.000000000000000083e-02 4.000000000000000083e-02 4.000000000000000083e-02 4.000000000000000083e-02
5.994951327415368181e-02 6.126341009238974594e-02 6.187321950755068217e-02 6.318030850954041433e-02 6.498470593077648738e-02 6.561859783744232455e-02 6.666295826369211808e-02 6.738347404367307780e-02 6.798543255640453198e-02 1.132153184269839991e-01 6.520728263900535393e-02 6.310808031673008356e-02 5.946044711626789769e-02 5.738878330080337403e-02 5.394024367163974959e-02 4.685151963719372259e-02 7.877611449835772439e-02 8.119378705602663115e-02 8.470804891006740445e-02 7.931914774022019721e-02 7.574266671872893764e-02 7.251244013730190341e-02 6.219700711319951780e-02 4.000000000000000083e-02 4.000000000000000083e-02 4.000000000000000083e-02 4.000000000000000083e-02 4.000000000000000083e-02 4.000000000000000083e-02 4.000000000000000083e-02 4.000000000000000083e-02 4.000000000000000083e-02 4.000000000000000083e-02 4.000000000000000083e-02 4.000000000000000083e-02 4.000000000000000083e-02 4.000000000000000083e-02
6.074603442495618566e-02 6.257054275130387311e-02 6.373160816772648063e-02 6.332144382923464432e-02 6.390285476928146691e-02 6.451059886909954466e-02 6.550946438656216064e-02 6.654418201550411915e-02 6.844737170776460378e-02 4.378041395659251073e-02 6.939347099686032916e-02 6.875475345534030891e-02 6.638469756457676674e-02 4.239796857431323701e-02 6.054849714796911586e-02 5.923159277339885842e-02 9.827382895651015637e-02 5.536112005089578736e-02 5.317076370653964906e-02 8.873175939069574691e-02 8.709320347693152997e-02 8.373067780963672213e-02 7.767841769803132679e-02 6.915868253093218621e-02 4.000000000000000083e-02 4.000000000000000083e-02 4.000000000000000083e-02 4.000000000000000083e-02 4.000000000000000083e-02 4.000000000000000083e-02 4.000000000000000083e-02 4.000000000000000083e-02 4.000000000000000083e-02 4.000000000000000083e-02 4.000000000000000083e-02 4.000000000000000083e-02 4.000000000000000083e-02
5.725092658612041668e-02 5.819257356505121853e-02 5.637186074260373131e-02 1.022711727142711496e-01 9.980167824970344326e-02 1.030152013787192927e-01 1.017675977250184494e-01 7.464650692562924128e-02 6.508734497605569991e-02 6.741260888056066491e-02 6.874920043230081657e-02 4.956720581205359411e-02 5.181335818439138791e-02 4.139006603592967209e-02 7.622577765446000853e-02 5.631353851131649935e-02 4.540834355996359317e-02 6.457723144004008653e-02 5.166542306216740515e-02 5.903694958431915385e-02 9.680828431807313172e-02 9.501483437512570074e-02 8.910430753857041808e-02 8.291875453862394829e-02 7.177066834680542740e-02 4.000000000000000083e-02 4.000000000000000083e-02 4.000000000000000083e-02 4.000000000000000083e-02 4.000000000000000083e-02 4.000000000000000083e-02 4.000000000000000083e-02 4.000000000000000083e-02 5.468813128114282524e-02 4.852154622869531836e-02 4.000000000000000083e-02 4.000000000000000083e-02
5.514579428345871281e-02 5.082402403005358005e-02 5.906509939689055105e-02 7.931090122046753621e-02 7.965563932408502301e-02 8.517344624261220798e-02 7.816054057910165609e-02 8.440564256441437929e-02 9.535440753492252508e-02 1.072106302964816599e-01 1.093861819623841436e-01 1.161353961846847832e-01 6.999265863839380930e-02 7.169029140429718228e-02 7.190267939119687757e-02 7.122095787275674328e-02 1.243670587154073193e-01 7.133685943100710747e-02 7.130218778649059785e-02 1.196373753685067431e-01 1.113116371262519722e-01 6.494969705718864339e-02 1.130278832153512603e-01 6.303972118447973005e-02 5.745709543070123826e-02 9.492268837145771687e-02 6.597026251876783598e-02 7.337411582939744326e-02 4.000000000000000083e-02 6.223865230129142084e-02 4.257257871356206341e-02 7.913881063045034858e-02 8.160841891938327985e-02 8.786372371941233994e-02 9.069101134905906136e-02 8.999206749532501215e-02 7.369911816554119977e-02
5.369939335397953123e-02 5.281355757981801707e-02 5.089296382443000283e-02 4.793134271126472945e-02 7.880807885312322847e-02 8.035061337643184531e-02 7.242826982358396837e-02 6.913821592733973564e-02 7.447600284212467503e-02 4.873401904226670051e-02 7.855269185336936910e-02 1.018681325818253658e-01 6.602251281550462758e-02 7.056724582496952392e-02 7.238282020729865096e-02 7.297175358768268061e-02 7.226427375357774574e-02 7.282674062400318338e-02 6.857283797626111121e-02 7.227509094966726166e-02 1.057932620426348530e-01 1.283420879938995951e-01 1.286560915257987381e-01 1.011514526409491715e-01 1.251801561661533557e-01 6.297744895012785671e-02 1.068419744587919135e-01 5.633433698994574218e-02 5.440193600230643078e-02 8.801139505890073766e-02 5.308005364321348452e-02 1.017557373903343609e-01 1.069624855705902933e-01 1.103798485812514801e-01 1.090656679786574240e-01 1.075145751366292923e-01 1.007026458531333352e-01
5.414838225031295971e-02 5.387936016611739876e-02 6.135531626214127399e-02 5.003295959321532593e-02 8.613754766340928071e-02 4.734290398136853373e-02 4.487928549531906841e-02 4.312611399664940254e-02 4.112528253392272459e-02 4.000000000000000083e-02 4.000000000000000083e-02 5.020157391607513175e-02 6.050386705785947700e-02 6.776785845409091791e-02 7.004840555526986590e-02 7.092581803770095505e-02 6.980478580880862538e-02 5.472467300025825321e-02 5.679904762639301219e-02 7.057455584185806652e-02 7.123259053317550216e-02 7.286832030418842476e-02 7.425396762161043385e-02 7.440435720157767552e-02 7.414016765732087122e-02 6.974547282671091086e-02 1.206228139368424879e-01 6.774247023161478198e-02 6.286066668364145849e-02 6.020833550997110872e-02 6.134959477140161654e-02 6.509646992505359331e-02 1.176159026875956692e-01 1.195818646699641358e-01 1.196294531503894198e-01 1.190249622179971045e-01 1.160863343663822850e-01
5.025764771721917545e-02 4.000000000000000083e-02 5.179517701780255584e-02 4.964460870881877430e-02 4.749588589151338552e-02 4.653153264122283223e-02 7.385896902824097554e-02 7.027812657555784770e-02 4.063985214361142545e-02 4.160420385259932380e-02 7.664715239304566163e-02 8.565315646443823205e-02 9.657860489803314630e-02 1.089057404697409831e-01 1.135068840815050967e-01 1.139827142680584215e-01 6.451823145328114406e-02 6.465673941954121207e-02 1.117467847432440931e-01 6.461893947572758257e-02 6.656541162206548734e-02 6.923888198010114126e-02 7.210103600690581649e-02 7.428228182527328582e-02 7.371525481606441832e-02 4.852171559625159669e-02 5.979311904072349970e-02 8.958060420497696019e-02 9.214154473969568548e-02 6.586518345631256488e-02 6.589439693351817340e-02 4.122316005851488219e-02 7.007745793304874515e-02 1.227493491347800975e-01 6.971831109615961308e-02 6.939877104056134394e-02 7.004461166970349373e-02
1.011476018212379147e-01 9.678543870154343587e-02 8.525122645465987858e-02 7.963342665043025848e-02 4.328335181231757200e-02 4.358680891636460691e-02 6.878555951481453434e-02 6.779674268434456030e-02 4.431733385645862666e-02 8.939003503035815312e-02 9.085899823132505271e-02 9.542814480038037950e-02 9.881007272485312076e-02 1.012512463463676182e-01 1.014449148714345050e-01 1.041968077422903843e-01 1.021318853783693970e-01 9.640064936592365741e-02 9.426480468765109644e-02 5.490055615036144171e-02 6.011091027423320216e-02 6.580310489439945842e-02 8.005845556853444234e-02 4.303641207344836850e-02 1.221308830624342756e-01 6.622159959175635824e-02 6.454681350634280945e-02 6.244315408809689161e-02 6.274936729153211823e-02 4.572472999738416699e-02 4.040192417456856672e-02 4.082293091500460713e-02 6.739574901963900355e-02 4.066824185412781095e-02 6.849978986553495464e-02 9.420442975477932857e-02 6.978933714314923542e-02
9.829499725855736503e-02 9.241105760575912820e-02 4.587849635817052574e-02 4.557123395826571943e-02 4.517311387701172798e-02 4.511739138504915203e-02 4.723287587616917943e-02 5.051110822356028041e-02 5.380867981615326812e-02 9.834430151032926004e-02 1.023692637520319665e-01 1.019093854972216856e-01 9.925168488540959955e-02 9.662475957866215048e-02 9.105648661757252682e-02 8.804812004940598680e-02 8.354250732478549213e-02 7.921783114033296991e-02 5.351150018082444920e-02 4.000000000000000083e-02 1.084144617558936013e-01 1.105058714361105143e-01 1.137698213630533167e-01 1.034464250863004614e-01 5.964267143629670836e-02 9.554228402279799082e-02 4.680511639032786109e-02 4.918133382545262361e-02 9.192459299761479574e-02 9.555853409373657459e-02 5.967371257106918875e-02 5.966807473138618922e-02 5.990536776007161779e-02 6.463407271924315189e-02 5.919057157828222504e-02 6.167408128083606139e-02 6.336118252271119577e-02
9.557477035949805966e-02 8.853061764215555685e-02 8.050061963512170071e-02 8.886070520757526070e-02 5.336468899680894828e-02 5.387936016611739876e-02 5.473252159816294898e-02 5.791117298001468433e-02 5.746730730321947256e-02 1.015590366922760890e-01 1.031486414113612776e-01 9.679305690300359089e-02 8.931049118099795847e-02 8.187089033953108552e-02 6.858234736383099495e-02 6.030709806022205993e-02 7.361853815248572963e-02 9.269690243237607707e-02 1.056961368028285359e-01 6.257054275130387311e-02 1.113873872389564562e-01 6.003731977449146967e-02 5.637186074260373131e-02 5.358415705485105457e-02 4.784752592780455033e-02 4.000000000000000083e-02 4.000000000000000083e-02 4.000000000000000083e-02 4.470543028935335117e-02 5.139865783898332069e-02 5.244384662350041332e-02 8.475990121125265286e-02 4.810674784500758999e-02 4.935761760128009462e-02 5.156962865973377386e-02 9.083808465961987211e-02 9.040395561129878355e-02
9.359214293929782325e-02 8.738772827025619028e-02 9.240145296401747199e-02 9.495624775734097522e-02 5.655025790962518728e-02 5.838275128841736300e-02 5.852337851778915967e-02 7.420132478730490089e-02 5.762276466759733151e-02 9.706533619329210660e-02 9.274411731168984152e-02 8.326349406261342179e-02 6.175828842235259186e-02 4.000000000000000083e-02 4.000000000000000083e-02 7.283169932051335171e-02 8.143588301247585426e-02 1.054444575429804437e-01 1.125922221665445477e-01 6.480684447963605543e-02 6.314849403990606402e-02 5.849850140434924989e-02 5.125498256055677215e-02 8.102047890841140854e-02 4.000000000000000083e-02 4.000000000000000083e-02 4.000000000000000083e-02 8.843516651766429593e-02 4.000000000000000083e-02 5.458829595512611210e-02 9.121089945410706945e-02 7.850718981511729810e-02 7.211317563477540049e-02 4.202782613984198251e-02 7.466124892370866462e-02 7.089843312924190566e-02 6.871815554396164261e-02
9.891286101615866244e-02 9.563148894535937472e-02 1.007961576917467544e-01 1.018090545602851338e-01 5.688094093083554542e-02 5.694166366676434166e-02 5.575193732794025969e-02 9.298771722148833907e-02 8.813351506575120564e-02 8.160305470865282518e-02 6.919544628012139209e-02 6.181577824729007908e-02 4.000000000000000083e-02 4.000000000000000083e-02 4.000000000000000083e-02 8.488223507227843356e-02 9.866526484355092608e-02 1.113344877360074314e-01 6.441673125380249776e-02 5.771385670371456666e-02 6.012720270495611197e-02 5.569239217903868000e-02 4.861695240708034660e-02 4.000000000000000083e-02 4.000000000000000083e-02 4.000000000000000083e-02 4.755832351608857422e-02 5.353092360033091107e-02 5.568841116520623080e-02 5.180089613433316864e-02 4.680606569751982055e-02 7.891416109172810778e-02 8.040654844563301096e-02 8.062836453045146845e-02 7.472249014134810241e-02 6.109232349618461122e-02 4.000000000000000083e-02
