lwc_50cms_1m_n.asc
ncols         118
nrows         96
xllcorner     539496
yllcorner     4190968
cellsize      1
NODATA_value  -9999
[rows 0 to 16 of 96, columns 74 to 110 of 118]
4.000000000000000083e-02 4.000000000000000083e-02 4.000000000000000083e-02 4.000000000000000083e-02 4.000000000000000083e-02 4.000000000000000083e-02 4.000000000000000083e-02 4.000000000000000083e-02 4.000000000000000083e-02 4.000000000000000083e-02 4.000000000000000083e-02 4.000000000000000083e-02 4.000000000000000083e-02 4.000000000000000083e-02 4.000000000000000083e-02 4.000000000000000083e-02 4.000000000000000083e-02 4.000000000000000083e-02 4.000000000000000083e-02 4.000000000000000083e-02 4.000000000000000083e-02 4.000000000000000083e-02 4.000000000000000083e-02 4.000000000000000083e-02 4.000000000000000083e-02 4.000000000000000083e-02 4.000000000000000083e-02 4.000000000000000083e-02 4.000000000000000083e-02 4.000000000000000083e-02 4.000000000000000083e-02 4.000000000000000083e-02 4.000000000000000083e-02 4.000000000000000083e-02 4.000000000000000083e-02 4.000000000000000083e-02 4.000000000000000083e-02
4.000000000000000083e-02 4.000000000000000083e-02 4.000000000000000083e-02 4.000000000000000083e-02 4.000000000000000083e-02 4.000000000000000083e-02 4.000000000000000083e-02 4.000000000000000083e-02 4.000000000000000083e-02 4.000000000000000083e-02 4.000000000000000083e-02 4.000000000000000083e-02 4.000000000000000083e-02 4.000000000000000083e-02 4.000000000000000083e-02 4.000000000000000083e-02 4.000000000000000083e-02 4.000000000000000083e-02 4.000000000000000083e-02 4.000000000000000083e-02 4.000000000000000083e-02 4.000000000000000083e-02 4.000000000000000083e-02 4.000000000000000083e-02 4.000000000000000083e-02 4.000000000000000083e-02 4.000000000000000083e-02 4.000000000000000083e-02 4.000000000000000083e-02 4.000000000000000083e-02 4.000000000000000083e-02 4.000000000000000083e-02 4.000000000000000083e-02 4.000000000000000083e-02 4.000000000000000083e-02 4.000000000000000083e-02 4.000000000000000083e-02
4.000000000000000083e-02 4.000000000000000083e-02 4.000000000000000083e-02 4.000000000000000083e-02 4.000000000000000083e-02 4.000000000000000083e-02 4.000000000000000083e-02 4.000000000000000083e-02 4.000000000000000083e-02 4.000000000000000083e-02 4.000000000000000083e-02 4.000000000000000083e-02 4.000000000000000083e-02 4.000000000000000083e-02 4.000000000000000083e-02 4.000000000000000083e-02 4.000000000000000083e-02 4.000000000000000083e-02 4.000000000000000083e-02 4.000000000000000083e-02 4.000000000000000083e-02 4.000000000000000083e-02 4.000000000000000083e-02 4.000000000000000083e-02 4.000000000000000083e-02 4.000000000000000083e-02 4.000000000000000083e-02 4.000000000000000083e-02 4.000000000000000083e-02 4.000000000000000083e-02 4.000000000000000083e-02 4.000000000000000083e-02 4.000000000000000083e-02 4.000000000000000083e-02 4.000000000000000083e-02 4.000000000000000083e-02 4.000000000000000083e-02
4.000000000000000083e-02 4.000000000000000083e-02 4.000000000000000083e-02 4.000000000000000083e-02 4.000000000000000083e-02 4.000000000000000083e-02 4.000000000000000083e-02 4.000000000000000083e-02 4.000000000000000083e-02 4.000000000000000083e-02 4.000000000000000083e-02 4.000000000000000083e-02 4.000000000000000083e-02 4.000000000000000083e-02 4.000000000000000083e-02 4.000000000000000083e-02 4.000000000000000083e-02 4.000000000000000083e-02 4.000000000000000083e-02 4.000000000000000083e-02 4.000000000000000083e-02 4.000000000000000083e-02 4.000000000000000083e-02 4.000000000000000083e-02 4.000000000000000083e-02 4.000000000000000083e-02 4.000000000000000083e-02 4.000000000000000083e-02 6.480665536344112909e-02 5.022075823332801392e-02 4.000000000000000083e-02 4.129413400692557440e-02 4.007596141871223872e-02 4.237432766536443352e-02 4.000000000000000083e-02 4.000000000000000083e-02 4.000000000000000083e-02
4.000000000000000083e-02 4.000000000000000083e-02 4.000000000000000083e-02 4.000000000000000083e-02 4.000000000000000083e-02 4.000000000000000083e-02 4.000000000000000083e-02 4.000000000000000083e-02 4.000000000000000083e-02 4.000000000000000083e-02 4.000000000000000083e-02 4.000000000000000083e-02 4.000000000000000083e-02 4.000000000000000083e-02 4.000000000000000083e-02 4.000000000000000083e-02 4.000000000000000083e-02 4.000000000000000083e-02 4.000000000000000083e-02 4.000000000000000083e-02 4.000000000000000083e-02 4.000000000000000083e-02 4.000000000000000083e-02 4.000000000000000083e-02 4.000000000000000083e-02 4.000000000000000083e-02 4.000000000000000083e-02 8.227920151102094404e-02 4.551026877833495160e-02 7.061381894389492930e-02 4.974791093161898964e-02 6.265433461349469157e-02 5.993639268433460093e-02 4.996845129850151224e-02 4.986823763475767973e-02 4.000000000000000083e-02 4.000000000000000083e-02
4.000000000000000083e-02 4.000000000000000083e-02 4.000000000000000083e-02 4.000000000000000083e-02 4.000000000000000083e-02 4.000000000000000083e-02 4.000000000000000083e-02 4.000000000000000083e-02 4.000000000000000083e-02 4.000000000000000083e-02 4.000000000000000083e-02 4.000000000000000083e-02 4.000000000000000083e-02 4.000000000000000083e-02 4.000000000000000083e-02 4.000000000000000083e-02 4.000000000000000083e-02 4.000000000000000083e-02 4.000000000000000083e-02 8.447197561721556114e-02 7.721389638768454133e-02 6.679350607111343707e-02 4.000000000000000083e-02 5.431539810523933198e-02 4.000000000000000083e-02 4.000000000000000083e-02 4.000000000000000083e-02 5.062718302705712659e-02 9.327405432930133133e-02 8.285424358899853847e-02 7.582808963594647733e-02 8.063975513145783813e-02 7.819599559723607041e-02 7.630578600284788904e-02 7.841360541809709594e-02 6.961334720168793622e-02 7.136046181046898362e-02
4.000000000000000083e-02 4.000000000000000083e-02 4.000000000000000083e-02 4.000000000000000083e-02 4.000000000000000083e-02 4.000000000000000083e-02 4.000000000000000083e-02 4.000000000000000083e-02 4.000000000000000083e-02 4.000000000000000083e-02 4.000000000000000083e-02 4.000000000000000083e-02 4.143133405364164690e-02 4.000000000000000083e-02 4.428984710843647532e-02 1.030709063964078825e-01 5.875102218429220646e-02 1.016367521898794285e-01 6.105908411185174273e-02 1.064573831941815762e-01 9.969025912632129005e-02 9.865141805799033936e-02 9.317295385974100341e-02 4.881128933891670796e-02 7.644275245792453433e-02 4.000000000000000083e-02 7.171278180059303953e-02 5.323080996444631147e-02 5.648368876706726105e-02 9.639287480636926642e-02 9.454099486952512177e-02 9.359214293929782325e-02 9.523913533052999481e-02 9.629151908868902043e-02 9.633056517978803857e-02 9.469459636774432698e-02 9.495624775734097522e-02
4.000000000000000083e-02 4.000000000000000083e-02 4.000000000000000083e-02 4.000000000000000083e-02 4.000000000000000083e-02 4.000000000000000083e-02 4.000000000000000083e-02 4.000000000000000083e-02 4.000000000000000083e-02 4.000000000000000083e-02 4.849050790037007924e-02 5.388405573989922537e-02 5.519585867455203271e-02 7.776057388100238166e-02 9.264956700218091035e-02 1.093406810601569162e-01 1.156681902846480453e-01 1.126065232242689507e-01 1.108526428627320398e-01 1.088676903517937916e-01 1.012573265894188973e-01 9.817474089838515439e-02 9.720005636148126849e-02 5.590918800946928502e-02 9.847750783508837924e-02 8.595922102399061737e-02 9.339283460436137441e-02 5.965114521266205033e-02 5.991918070873276242e-02 5.973274969634517761e-02 5.996052429797080890e-02 5.999624047118443798e-02 1.053648766880466159e-01 1.048350234638822237e-01 1.081142645055732376e-01 6.076921552025138507e-02 6.063466538655553489e-02
4.000000000000000083e-02 4.369056789159970339e-02 4.000000000000000083e-02 4.155788243375468927e-02 4.782709571799391435e-02 5.094281015758367337e-02 4.818752122759637629e-02 4.000000000000000083e-02 6.780125990748891995e-02 9.340194032631268795e-02 1.031873993376156845e-01 1.081011175159497378e-01 6.269004214014559095e-02 1.043699589031128611e-01 5.787510244838665191e-02 1.076671872111693712e-01 1.126136703490537849e-01 1.091284757952090401e-01 1.058427952320216137e-01 9.898109099356200424e-02 8.988209259648607952e-02 9.009047359830682500e-02 9.447232507442752947e-02 1.042914319816675428e-01 1.085050067389601164e-01 5.917588663963489065e-02 6.068140939563917285e-02 6.350445823497197217e-02 6.288671213553810591e-02 5.277518258074961194e-02 6.235976238869594263e-02 6.271864112747381481e-02 6.322049219332503966e-02 6.372957975835152888e-02 6.463974312097760244e-02 6.436857489396927146e-02 6.399458095181310979e-02
6.321838044410084401e-02 6.155641577198420200e-02 1.177334888194629253e-01 6.566060051065722436e-02 6.140101643732939762e-02 1.085737406901465391e-01 5.791771920452586098e-02 6.198666188003904703e-02 7.185537383454070059e-02 9.235335472550455782e-02 5.977194630031377326e-02 6.334864692279884579e-02 6.421520521628494571e-02 6.427560653605178531e-02 1.026012549016537823e-01 5.990536776007161779e-02 1.020088293687996805e-01 1.027965004329611243e-01 5.263032523377908500e-02 9.005773127291617774e-02 8.747638917807454284e-02 5.261447033419579256e-02 5.738535700247222870e-02 5.943459660692691771e-02 6.197859630433185524e-02 6.267902513791590025e-02 6.285414688188280252e-02 6.325212618799570807e-02 6.334028296054060314e-02 6.214995883919376823e-02 6.143030384833464419e-02 6.370114807565589732e-02 6.532971183903332757e-02 6.632501684465616498e-02 4.397018580766669238e-02 6.678068570024719985e-02 6.666619755321434582e-02
1.249241111352849265e-01 1.237259245486283799e-01 1.249070897614524278e-01 1.262113275433558446e-01 1.148603406492843398e-01 1.131433520333743475e-01 1.113911609718723494e-01 9.372682808513520258e-02 4.000000000000000083e-02 8.433904783233846236e-02 9.433423201504868849e-02 5.911105550243442308e-02 6.193421318582750107e-02 6.097588144041005825e-02 1.039316843953782404e-01 5.943459660692691771e-02 1.030764686266376073e-01 9.929195744882497732e-02 8.733686225474324161e-02 8.366292740226148605e-02 9.044677067866264963e-02 9.127230034267634629e-02 5.535701846757018485e-02 5.875102218429220646e-02 6.006190006072303217e-02 6.118159123496979407e-02 6.226214187924814653e-02 6.307181065702500977e-02 6.188262273303325733e-02 5.886622750223687028e-02 5.758241253376319979e-02 6.034768401915761166e-02 6.429308936493897952e-02 6.755734663652451788e-02 6.884191917641886704e-02 6.890384422955447841e-02 6.910962828948270797e-02
6.164318607301409042e-02 4.341213742877658016e-02 1.177392097305458296e-01 1.148700494817971318e-01 1.120309311804405933e-01 1.130909392743685293e-01 1.123368541571133222e-01 1.030152013787192927e-01 6.735591290767900530e-02 6.767876323903002089e-02 8.221213786055649175e-02 1.013240890795611970e-01 1.060415995115908672e-01 1.038942960013384403e-01 1.036955456447319346e-01 1.086807038725070423e-01 1.102133440942521803e-01 1.039956227522444848e-01 9.685389484668550930e-02 5.473686252076295777e-02 9.891969461057596724e-02 5.651332346491818454e-02 7.779263342139700055e-02 9.961783123165073028e-02 1.001065235025388883e-01 5.805110851399480215e-02 1.052399267211055617e-01 1.060222858589595363e-01 6.021372496858606177e-02 5.647255568434962625e-02 5.245996088408201585e-02 9.600008875574582434e-02 6.295590419611631072e-02 6.787190018407532333e-02 6.986000359531673032e-02 7.079931066695069330e-02 7.129061181550781778e-02
9.209446959447040171e-02 6.765850026074392287e-02 1.180263245749522127e-01 1.150922283438491484e-01 1.101814859150478387e-01 1.114627407336597348e-01 1.134449768098452493e-01 1.085265094874523079e-01 9.458378717991763884e-02 8.406692386620863433e-02 9.261161140514553858e-02 1.000743131502959543e-01 1.034621464757994186e-01 1.028190385857443018e-01 1.032481579779916114e-01 1.121151114401243987e-01 1.110412708325668879e-01 1.008396485221397382e-01 5.773301028409406899e-02 8.357961435071030454e-02 6.154193020292539340e-02 9.626512672060261178e-02 1.042389159893563899e-01 1.017201148544444322e-01 9.469459636774432698e-02 5.006691021190549928e-02 9.890602506036240416e-02 1.068419744587919135e-01 8.626913850167348963e-02 1.026437179263083588e-01 1.000678648552888877e-01 7.575525960223744582e-02 6.662240058737520232e-02 5.256383248537433578e-02 7.185822637136782265e-02 7.217744338020502803e-02 4.289904808820781817e-02
6.864886042566359370e-02 6.897505723302793657e-02 5.676735125104073743e-02 1.173382566172013891e-01 1.143662768886942044e-01 1.136096892219237708e-01 1.121516131969520630e-01 1.099007429948261338e-01 1.029761180632294132e-01 9.650143447468620406e-02 9.933883911581571635e-02 1.040115766726080887e-01 1.041757216712209944e-01 1.003814157437736276e-01 9.935221358156695604e-02 1.064384439675275240e-01 1.083018320006917112e-01 1.058184226500787917e-01 1.075145751366292923e-01 1.113571743383951901e-01 6.530998478407984420e-02 1.141369133924071272e-01 6.244764591667873593e-02 1.077965069965984707e-01 1.015290667738733832e-01 9.747408473119391348e-02 1.060415995115908672e-01 1.152773424441403127e-01 8.815226023710560910e-02 1.164215614924534042e-01 6.655398450297952961e-02 6.880048054886801767e-02 7.036719310922873172e-02 7.105709446723558476e-02 7.133685943100710747e-02 7.189157901537443496e-02 7.185822637136782265e-02
6.881983410127925915e-02 6.891207991318568093e-02 6.887635634659304562e-02 6.848281135465596192e-02 1.192782502914312426e-01 8.010564584517973485e-02 1.151242508959002958e-01 1.140666474166630584e-01 1.123946555159396760e-01 1.033087383688615357e-01 1.086593533202591944e-01 1.114777809099722905e-01 1.064384439675275240e-01 1.008706560792035495e-01 9.888550300673003279e-02 1.010802536744367236e-01 1.031486414113612776e-01 1.023865252430092299e-01 1.071190596964537861e-01 1.148765197581113617e-01 6.830612220954644653e-02 5.114078939082392083e-02 6.013741224004312547e-02 1.103035408472508305e-01 1.196083144016071992e-01 6.713403047770312437e-02 6.811985039871198966e-02 7.001295593082967894e-02 7.091036358613357626e-02 7.102173385723119237e-02 7.071031956496778847e-02 7.109236731187390523e-02 7.130218778649059785e-02 7.127902643851792563e-02 7.093532010713196612e-02 4.335307527847821751e-02 7.100992740064701603e-02
6.793247055722997918e-02 4.633879216116235794e-02 6.857312129743374507e-02 6.973901054437441072e-02 6.994815542852858559e-02 1.219995449666905207e-01 1.193478362538070020e-01 1.193878899086895651e-01 1.183462544073619060e-01 1.160586914675687670e-01 1.157679904928686776e-01 1.152932311529229897e-01 1.091242942270027882e-01 9.954513907960564623e-02 9.581667507702223974e-02 9.752549709201345507e-02 9.846352848756571852e-02 9.872055503978913182e-02 1.051243139472712168e-01 1.194810880122196689e-01 7.069583567963001747e-02 7.156587708881463616e-02 7.232905586300131251e-02 7.258532406296341888e-02 7.229670108863948952e-02 4.357606668024621710e-02 7.349812043308409648e-02 7.349812043308409648e-02 7.270128434232370207e-02 7.221006597291725060e-02 7.162256303574121574e-02 7.161124378354781495e-02 7.163387335050547255e-02 7.211197615421605089e-02 7.073201761815098298e-02 7.015421956041430207e-02 7.050985262467482362e-02
6.708232555115922757e-02 6.677747408670688112e-02 6.749202595902109580e-02 6.861805418769061082e-02 6.883364142471086466e-02 1.203910917820911475e-01 1.204217764041351502e-01 1.197952716107808097e-01 1.171366502855004793e-01 1.155553979772476481e-01 1.153630117189516913e-01 1.129153473495852350e-01 1.000678648552888877e-01 9.166645556748340140e-02 9.197382165389432485e-02 9.599215059965615637e-02 9.954513907960564623e-02 9.913713346124539139e-02 1.062002698790145555e-01 1.229113647484345317e-01 7.173526654461907792e-02 7.286832030418842476e-02 7.314592563390218127e-02 7.276414767376682136e-02 7.383235695579254410e-02 7.509870543982941071e-02 5.957711366763117355e-02 7.432935258681859503e-02 7.306422086766671542e-02 7.191377120521635913e-02 7.129061181550781778e-02 7.155451291535652736e-02 7.184709160242010173e-02 7.204621039847515507e-02 7.078491763600903985e-02 6.989200691491292972e-02 4.234894898395849538e-02
