lwc_30cms_1m_n.asc
ncols         118
nrows         96
xllcorner     539496
yllcorner     4190968
cellsize      1
NODATA_value  -9999
[rows 17 to 33 of 96, columns 74 to 110 of 118]
5.592089306445853503e-02 5.672951486967422324e-02 5.682349251750817842e-02 5.192497486819375868e-02 9.984737651134628633e-02 9.605556415720764574e-02 9.155614045637223974e-02 8.461282082074718380e-02 9.252592581433147223e-02 9.319137659122554707e-02 9.954513907960564623e-02 9.428218549599146070e-02 8.105010926654017400e-02 6.936976065337556452e-02 8.616481933440596486e-02 9.877569083695708629e-02 1.006463296609052538e-01 9.854029242198514282e-02 1.093282552762852161e-01 1.208045900699160624e-01 4.917642667814474400e-02 7.209008755335538643e-02 7.076810725094451193e-02 7.140595100922593474e-02 7.244707496672908587e-02 7.324741909316979938e-02 7.284754529703740822e-02 7.166775082511833705e-02 6.975967931877022354e-02 6.799130450613985466e-02 6.837906927982352612e-02 6.858296295074790827e-02 4.152810964724362730e-02 6.705561172078061682e-02 6.627507698579010453e-02 6.558700738143362352e-02 6.572335372061530179e-02
5.214393629670313612e-02 5.072925516949868679e-02 4.921832067581351916e-02 9.167645136474052159e-02 8.718336902143659917e-02 7.940137809088619603e-02 7.619028073344587260e-02 6.630773200571274395e-02 4.000000000000000083e-02 7.894795732440385017e-02 8.760227335877351917e-02 9.074367443512668108e-02 8.857815089963695654e-02 9.006865199505710573e-02 1.053049932120686261e-01 1.158704608854736473e-01 1.168829190829643316e-01 1.157524250479480266e-01 1.200145929372471165e-01 1.252180226212790959e-01 7.341836093984485667e-02 7.330797929579224714e-02 7.215565395754275357e-02 7.189157901537443496e-02 7.254292605109664838e-02 7.329790328956099776e-02 7.257473616586360143e-02 7.057455584185806652e-02 1.182092709512500561e-01 6.518193339402672537e-02 6.650817765617508814e-02 6.690374960393455361e-02 4.728483436823825020e-02 7.233602292463449379e-02 6.424056938028359365e-02 6.438400453037611271e-02 6.466051334279011853e-02
8.504883602981377910e-02 4.388660811785374122e-02 4.119028608814765541e-02 7.924891525518798496e-02 7.940957774809284664e-02 8.346120983206356536e-02 7.281590171313079285e-02 6.882332959991847854e-02 5.667154087221536879e-02 8.323112225328321845e-02 8.647538359046501311e-02 1.032150390721477268e-01 1.090278963055358735e-01 1.115340913933034056e-01 1.194065586444114369e-01 1.244907264336811981e-01 1.247340917206981870e-01 1.251969927717714315e-01 1.274533902521710893e-01 1.291830612098511244e-01 4.535548977238428037e-02 8.302748311027029204e-02 1.244083496135798550e-01 1.245663594475849012e-01 1.244712407578410368e-01 7.127902643851792563e-02 7.103353050860096440e-02 6.852804071052255586e-02 7.306250063096692005e-02 5.165297258596469182e-02 9.036943784779495614e-02 6.427171823217578406e-02 6.325844350415332773e-02 6.228491266744414639e-02 6.230991255291296743e-02 6.284327302544469307e-02 1.111445279443930706e-01
8.709320347693152997e-02 6.885681622057787665e-02 8.605547260303052226e-02 8.316456255638618456e-02 5.180089613433316864e-02 8.880222996136731550e-02 5.360826692602675692e-02 4.653251018416253160e-02 7.133470199111874299e-02 5.966815166928240988e-02 1.099007429948261338e-01 1.165422747760476441e-01 1.205644568178602799e-01 1.236901875504958503e-01 1.282116681168321837e-01 1.295225767429482033e-01 1.295048181107626983e-01 1.299626356207357614e-01 1.307195069795676623e-01 7.402548755610385833e-02 1.288754558591384825e-01 7.016174724128948492e-02 1.210796900734319725e-01 1.012898157999296417e-01 9.133392885497658431e-02 6.792067314021381363e-02 6.628341336898578573e-02 6.475075881446049064e-02 6.119899250021888087e-02 5.778939519225853583e-02 5.751484313229930645e-02 5.786195797617301601e-02 5.889033819496653638e-02 5.843294613170915697e-02 6.261284123835188231e-02 5.901611633262581619e-02 9.968368563646662350e-02
9.412517808761260152e-02 9.646273325962588518e-02 9.866526484355092608e-02 5.875711384524159864e-02 1.088295736233292760e-01 6.400649689770690487e-02 6.481803254180482088e-02 6.569375760723643320e-02 1.183685439387020533e-01 9.482851647377711635e-02 1.231341218411279442e-01 6.966122863079733663e-02 1.253250010826872096e-01 7.295112552532286021e-02 7.540796885919495707e-02 7.573671284368702072e-02 5.444823171586576915e-02 1.308379202746657866e-01 7.384207365786338295e-02 7.361695419277602959e-02 7.299235253490785058e-02 6.965992858080616301e-02 1.171864825975531543e-01 1.159848157013901038e-01 1.136867168589565796e-01 6.382658129573212658e-02 6.140834483966731844e-02 8.324997134065235949e-02 5.579540253913608389e-02 5.368027303593992522e-02 5.200471212318601849e-02 4.843466602013515171e-02 4.996471074406729634e-02 8.969357674930973634e-02 7.376322198494512927e-02 8.818212708629666330e-02 8.370077539019629698e-02
1.018327063364692503e-01 1.020618839901820812e-01 1.035438638240743781e-01 8.087139369821014223e-02 1.184547182287680189e-01 1.213762774743518541e-01 9.305901211244418936e-02 7.266975047798009124e-02 6.454666416328602718e-02 1.301365926737340639e-01 7.428228182527328582e-02 1.259880683514525979e-01 1.257216403280209671e-01 7.238282020729865096e-02 7.382263385568184344e-02 7.434813923320664208e-02 7.392923758496242059e-02 7.264868982929645336e-02 7.221006597291725060e-02 7.191377120521635913e-02 7.045222488637550851e-02 6.806011070834656895e-02 6.264149473121244371e-02 5.952910840753013882e-02 6.073722215873040425e-02 5.633809499252878661e-02 5.594815731817803089e-02 5.551586594537635810e-02 5.246532680874674975e-02 8.532293015903694156e-02 4.519236612622284932e-02 4.000000000000000083e-02 4.000000000000000083e-02 4.000000000000000083e-02 4.000000000000000083e-02 5.126855868222857798e-02 6.062731066371693234e-02
1.123296185218348175e-01 1.107402453910140000e-01 1.115715528946924912e-01 5.656532213601114800e-02 1.121398329720126180e-01 1.299277041160969148e-01 9.389639106776138944e-02 7.615975770211047546e-02 7.435752366270337310e-02 1.199197160990388422e-01 1.298752186521632823e-01 1.257010285319417608e-01 1.233956313675339117e-01 7.091512059579492544e-02 7.060011113140039762e-02 7.159991557837329379e-02 7.246843004213773809e-02 4.350929701568985453e-02 6.813147643552311394e-02 6.680154238707945724e-02 6.421325205058227292e-02 6.042470420380682133e-02 5.685943177422440875e-02 5.499422210465550187e-02 9.435154899371521464e-02 8.910430753857041808e-02 8.294020253288021671e-02 5.138080797757599294e-02 4.921832067581351916e-02 8.086215216580928955e-02 7.184185447776662847e-02 6.016839326374743419e-02 4.000000000000000083e-02 4.000000000000000083e-02 4.000000000000000083e-02 4.000000000000000083e-02 4.000000000000000083e-02
1.229275077119229287e-01 1.280617999936708162e-01 1.267708777830824918e-01 7.278504190640734672e-02 7.717304336605221304e-02 4.804074414803901488e-02 7.707143252492604235e-02 5.906718864013199566e-02 7.163387335050547255e-02 5.684072833440183964e-02 9.113456791368383658e-02 1.219540088687734586e-01 1.205339534707811910e-01 1.206860858867341429e-01 6.710271794361508113e-02 6.596800214383954919e-02 1.132894653650191735e-01 1.082887985045035278e-01 5.751484313229930645e-02 5.493470894544597027e-02 5.510389966433750647e-02 5.279797605717759246e-02 5.065919114618949726e-02 5.334002307480420479e-02 5.144018739282251590e-02 8.346120983206356536e-02 7.943005839007373503e-02 8.510980615058497123e-02 8.398504052292189714e-02 7.250275308314226008e-02 5.914968897592556146e-02 4.000000000000000083e-02 4.000000000000000083e-02 4.000000000000000083e-02 4.000000000000000083e-02 4.000000000000000083e-02 4.000000000000000083e-02
7.685027531938820600e-02 1.368941313571707952e-01 1.368941313571707952e-01 1.373744788614813805e-01 7.794054985898048182e-02 1.380538228287840619e-01 1.349123754776469508e-01 1.274726241461901777e-01 1.207391064457246088e-01 6.683356615848518034e-02 6.811257908452877929e-02 6.706661797715968154e-02 1.129118215545883985e-01 6.184025182760483769e-02 9.493947547854583724e-02 8.606917897859311939e-02 7.679080868621748768e-02 4.855393595757016151e-02 4.198216483355958484e-02 4.000000000000000083e-02 4.068397704324744346e-02 4.209101533077458379e-02 4.565762582782052770e-02 4.995100488157620117e-02 4.932115088815648696e-02 8.569521549546520178e-02 7.780602933862670878e-02 8.246010873549512732e-02 7.481664484699850071e-02 5.950191159056419238e-02 4.962826095431360773e-02 4.000000000000000083e-02 4.000000000000000083e-02 4.000000000000000083e-02 4.000000000000000083e-02 4.000000000000000083e-02 4.000000000000000083e-02
1.382338995179417107e-01 1.370819342334307078e-01 1.349268502783558255e-01 1.335309757599860703e-01 1.321545839627057406e-01 1.304296780240595810e-01 1.277403870390036167e-01 1.204217764041351502e-01 1.129294450276528833e-01 6.347758765094840827e-02 1.078497925051512124e-01 5.934222552869792416e-02 5.630422775213748954e-02 8.838724712331530453e-02 4.000000000000000083e-02 4.000000000000000083e-02 4.000000000000000083e-02 4.000000000000000083e-02 4.000000000000000083e-02 4.000000000000000083e-02 4.000000000000000083e-02 4.000000000000000083e-02 4.000000000000000083e-02 4.000000000000000083e-02 4.380237187956768224e-02 4.318594641991706923e-02 4.198216483355958484e-02 6.778318197815466628e-02 6.170776439229462562e-02 4.000000000000000083e-02 4.000000000000000083e-02 4.000000000000000083e-02 4.000000000000000083e-02 4.000000000000000083e-02 4.000000000000000083e-02 4.000000000000000083e-02 4.000000000000000083e-02
1.330541989741108599e-01 1.306516006887132875e-01 1.268891896819936693e-01 1.206228139368424879e-01 1.191411622292571915e-01 1.174340680214078364e-01 1.155805105305222624e-01 1.046450798730158699e-01 9.994495068752874689e-02 9.270635503067758965e-02 4.409501085822871425e-02 6.187300197576010852e-02 4.189174326675439153e-02 4.000000000000000083e-02 4.000000000000000083e-02 4.000000000000000083e-02 4.000000000000000083e-02 4.000000000000000083e-02 4.000000000000000083e-02 4.000000000000000083e-02 4.000000000000000083e-02 4.000000000000000083e-02 4.000000000000000083e-02 4.000000000000000083e-02 4.000000000000000083e-02 5.644116217465060953e-02 5.624743849000959223e-02 5.201205924846271506e-02 4.000000000000000083e-02 4.000000000000000083e-02 4.000000000000000083e-02 4.000000000000000083e-02 4.000000000000000083e-02 4.000000000000000083e-02 4.000000000000000083e-02 4.000000000000000083e-02 4.000000000000000083e-02
1.199807812396208040e-01 1.205873090313084178e-01 1.138037470677991381e-01 1.020384967537882326e-01 5.028151331876846292e-02 9.852635757108083037e-02 9.143503383203376023e-02 8.450504471866422673e-02 7.587448191027802713e-02 4.000000000000000083e-02 4.000000000000000083e-02 4.000000000000000083e-02 4.000000000000000083e-02 4.000000000000000083e-02 4.000000000000000083e-02 4.000000000000000083e-02 4.000000000000000083e-02 4.000000000000000083e-02 4.000000000000000083e-02 4.000000000000000083e-02 4.000000000000000083e-02 4.000000000000000083e-02 4.000000000000000083e-02 4.000000000000000083e-02 4.000000000000000083e-02 4.000000000000000083e-02 4.000000000000000083e-02 4.000000000000000083e-02 4.000000000000000083e-02 4.000000000000000083e-02 4.000000000000000083e-02 4.000000000000000083e-02 4.000000000000000083e-02 4.000000000000000083e-02 4.000000000000000083e-02 4.000000000000000083e-02 4.000000000000000083e-02
9.698254466344195801e-02 1.015710122881502420e-01 8.833919747757980334e-02 8.372910532871470635e-02 4.134352860842641086e-02 6.468151168405605889e-02 6.168604776843845255e-02 4.000000000000000083e-02 4.000000000000000083e-02 4.000000000000000083e-02 4.000000000000000083e-02 4.000000000000000083e-02 4.000000000000000083e-02 4.000000000000000083e-02 4.000000000000000083e-02 4.000000000000000083e-02 4.000000000000000083e-02 4.000000000000000083e-02 4.000000000000000083e-02 4.000000000000000083e-02 4.000000000000000083e-02 4.000000000000000083e-02 4.000000000000000083e-02 4.000000000000000083e-02 4.000000000000000083e-02 4.000000000000000083e-02 4.000000000000000083e-02 4.000000000000000083e-02 4.000000000000000083e-02 4.000000000000000083e-02 4.000000000000000083e-02 4.000000000000000083e-02 4.000000000000000083e-02 4.000000000000000083e-02 4.000000000000000083e-02 4.000000000000000083e-02 4.000000000000000083e-02
5.091162446106498041e-02 8.084904419131623554e-02 4.604669484057029999e-02 4.639635869080590419e-02 4.095863509216696174e-02 4.000000000000000083e-02 4.000000000000000083e-02 4.000000000000000083e-02 4.000000000000000083e-02 4.000000000000000083e-02 4.000000000000000083e-02 4.000000000000000083e-02 4.000000000000000083e-02 4.000000000000000083e-02 4.000000000000000083e-02 4.000000000000000083e-02 4.000000000000000083e-02 4.000000000000000083e-02 4.000000000000000083e-02 4.000000000000000083e-02 4.000000000000000083e-02 4.000000000000000083e-02 4.000000000000000083e-02 4.000000000000000083e-02 4.000000000000000083e-02 4.000000000000000083e-02 4.000000000000000083e-02 4.000000000000000083e-02 4.000000000000000083e-02 4.000000000000000083e-02 4.000000000000000083e-02 4.000000000000000083e-02 4.000000000000000083e-02 4.000000000000000083e-02 4.000000000000000083e-02 4.000000000000000083e-02 4.000000000000000083e-02
5.409552916559334096e-02 4.000000000000000083e-02 4.000000000000000083e-02 4.000000000000000083e-02 4.000000000000000083e-02 4.000000000000000083e-02 4.000000000000000083e-02 4.000000000000000083e-02 4.000000000000000083e-02 4.000000000000000083e-02 4.000000000000000083e-02 4.000000000000000083e-02 4.000000000000000083e-02 4.000000000000000083e-02 4.000000000000000083e-02 4.000000000000000083e-02 4.000000000000000083e-02 4.000000000000000083e-02 4.000000000000000083e-02 4.000000000000000083e-02 4.000000000000000083e-02 4.000000000000000083e-02 4.000000000000000083e-02 4.000000000000000083e-02 4.000000000000000083e-02 4.000000000000000083e-02 4.000000000000000083e-02 4.000000000000000083e-02 4.000000000000000083e-02 4.000000000000000083e-02 4.000000000000000083e-02 4.000000000000000083e-02 4.000000000000000083e-02 4.000000000000000083e-02 4.000000000000000083e-02 4.000000000000000083e-02 4.000000000000000083e-02
6.057188165440951372e-02 4.000000000000000083e-02 4.000000000000000083e-02 4.000000000000000083e-02 4.000000000000000083e-02 4.000000000000000083e-02 4.000000000000000083e-02 4.000000000000000083e-02 4.000000000000000083e-02 4.000000000000000083e-02 4.000000000000000083e-02 4.000000000000000083e-02 4.000000000000000083e-02 4.000000000000000083e-02 4.000000000000000083e-02 4.000000000000000083e-02 4.000000000000000083e-02 4.000000000000000083e-02 4.000000000000000083e-02 4.000000000000000083e-02 4.000000000000000083e-02 4.000000000000000083e-02 4.000000000000000083e-02 4.000000000000000083e-02 4.000000000000000083e-02 4.000000000000000083e-02 4.000000000000000083e-02 4.000000000000000083e-02 4.000000000000000083e-02 4.000000000000000083e-02 4.000000000000000083e-02 4.000000000000000083e-02 4.000000000000000083e-02 4.000000000000000083e-02 4.000000000000000083e-02 4.000000000000000083e-02 4.000000000000000083e-02
4.256171099119710616e-02 4.000000000000000083e-02 4.000000000000000083e-02 4.000000000000000083e-02 4.000000000000000083e-02 4.000000000000000083e-02 4.000000000000000083e-02 4.000000000000000083e-02 4.000000000000000083e-02 4.000000000000000083e-02 4.000000000000000083e-02 4.000000000000000083e-02 4.000000000000000083e-02 4.000000000000000083e-02 4.000000000000000083e-02 4.000000000000000083e-02 4.000000000000000083e-02 4.000000000000000083e-02 4.000000000000000083e-02 4.000000000000000083e-02 4.000000000000000083e-02 4.000000000000000083e-02 4.000000000000000083e-02 4.000000000000000083e-02 4.000000000000000083e-02 4.000000000000000083e-02 4.000000000000000083e-02 4.000000000000000083e-02 4.000000000000000083e-02 4.000000000000000083e-02 4.000000000000000083e-02 4.000000000000000083e-02 4.000000000000000083e-02 4.000000000000000083e-02 4.000000000000000083e-02 4.000000000000000083e-02 4.000000000000000083e-02
